{
  "n": 18,
  "points": [
    [
      59.768158493606315,
      67.5986904372284
    ],
    [
      29.928174100970185,
      73.07402679090343
    ],
    [
      57.87393910609689,
      80.90176696206909
    ],
    [
      16.724850414891545,
      31.21449685769
    ],
    [
      35.79315539685616,
      49.17472990712061
    ],
    [
      49.01982395869548,
      89.44098875868252
    ],
    [
      18.24105253678282,
      36.11620851279358
    ],
    [
      81.05914603555655,
      33.344682960956376
    ],
    [
      51.89504962289099,
      26.16202238760035
    ],
    [
      13.092809065110512,
      12.241718765233855
    ],
    [
      55.16573442425554,
      2.938370671735935
    ],
    [
      60.27751209209165,
      75.08823336063834
    ],
    [
      24.907071831497728,
      19.76777416281621
    ],
    [
      57.39560599458794,
      90.17984195830374
    ],
    [
      51.62164373002476,
      40.11986415595279
    ],
    [
      51.74897498056604,
      93.7391073211361
    ],
    [
      85.04082200405826,
      17.550295819612614
    ],
    [
      51.981914153112506,
      50.576435195587756
    ]
  ],
  "distances": [
    [
      0.0,
      30.3381604046561,
      13.437258355549469,
      56.36076572219788,
      30.236453084053185,
      24.343637592557002,
      52.1118719417333,
      40.33166471515873,
      42.17799547566483,
      72.40844258072528,
      64.82390962823729,
      7.506843164066365,
      59.18692351282396,
      22.70544889180484,
      28.660976895245135,
      27.342799766671735,
      56.06736416769672,
      18.71851421564848
    ],
    [
      30.3381604046561,
      0.0,
      29.021359339442476,
      43.892459518566014,
      24.608421264686683,
      25.146938945818228,
      38.76169684538958,
      64.75181118805567,
      51.800383949649365,
      63.11892913873452,
      74.53820973391824,
      30.4161033764171,
      53.54220799752245,
      32.3584413619042,
      39.45356079642863,
      30.05316795860251,
      78.23227377407636,
      31.50411207885543
    ],
    [
      13.437258355549469,
      29.021359339442476,
      0.0,
      64.51412489170265,
      38.654442040991164,
      12.300961910972694,
      59.803945885113535,
      52.90775046295916,
      55.065295382213925,
      81.972872501453,
      78.01041939204198,
      6.290813622574437,
      69.45631298507098,
      9.29039709599759,
      41.2583905885478,
      14.223659621685648,
      68.93075091934688,
      30.892421478313295
    ],
    [
      56.36076572219788,
      43.892459518566014,
      64.51412489170265,
      0.0,
      26.194851136722953,
      66.5829533386087,
      5.130852368194376,
      64.3695524750768,
      35.53125962587412,
      19.31729879957607,
      47.720445047226605,
      61.82021589980737,
      14.070401833768203,
      71.63115441103737,
      36.015160007920194,
      71.66600459909536,
      69.66909188571951,
      40.22368953292985
    ],
    [
      30.236453084053185,
      24.608421264686683,
      38.654442040991164,
      26.194851136722953,
      0.0,
      42.382972561463134,
      21.876958102457742,
      47.95414783749864,
      28.086575174723563,
      43.351505574638686,
      50.13080623245926,
      35.65099415184657,
      31.357229812906695,
      46.347438830614216,
      18.23544999951815,
      47.33467981181149,
      58.52723722856962,
      16.249328841031662
    ],
    [
      24.343637592557002,
      25.146938945818228,
      12.300961910972694,
      66.5829533386087,
      42.382972561463134,
      0.0,
      61.570000475188365,
      64.60118948825045,
      63.34425394313676,
      85.14973685623028,
      86.72067314860291,
      18.241083564988546,
      73.7277535753621,
      8.408307128273163,
      49.389703362142924,
      5.091373928232452,
      80.4100990637598,
      38.97726904207789
    ],
    [
      52.1118719417333,
      38.76169684538958,
      59.803945885113535,
      5.130852368194376,
      21.876958102457742,
      61.570000475188365,
      0.0,
      62.87920343567629,
      35.09526095196851,
      24.423260870529777,
      49.64071973993298,
      57.32261903198548,
      17.655229223463266,
      66.75294388872003,
      33.61983234519979,
      66.657177659837,
      69.33182757588294,
      36.708907615592466
    ],
    [
      40.33166471515873,
      64.75181118805567,
      52.90775046295916,
      64.3695524750768,
      47.95414783749864,
      64.60118948825045,
      62.87920343567629,
      0.0,
      30.035564460807052,
      71.16711360611842,
      39.93760874040728,
      46.63046546337449,
      57.77012973787703,
      61.56458743079726,
      30.207112113097185,
      67.1310108747833,
      16.288536112517576,
      33.79968489529368
    ],
    [
      42.17799547566483,
      51.800383949649365,
      55.065295382213925,
      35.53125962587412,
      28.086575174723563,
      63.34425394313676,
      35.09526095196851,
      30.035564460807052,
      0.0,
      41.22364279442968,
      23.452833050393917,
      49.639095451325275,
      27.73512854898803,
      64.2536951698916,
      13.960519245809518,
      67.57724281084155,
      34.24622696335958,
      24.41456733602769
    ],
    [
      72.40844258072528,
      63.11892913873452,
      81.972872501453,
      19.31729879957607,
      43.351505574638686,
      85.14973685623028,
      24.423260870529777,
      71.16711360611842,
      41.22364279442968,
      0.0,
      43.08924847366197,
      78.58804359783231,
      14.00779477864813,
      89.6498123959702,
      47.55693525725098,
      90.2004628852587,
      72.14358984833835,
      54.606894970702264
    ],
    [
      64.82390962823729,
      74.53820973391824,
      78.01041939204198,
      47.720445047226605,
      50.13080623245926,
      86.72067314860291,
      49.64071973993298,
      39.93760874040728,
      23.452833050393917,
      43.08924847366197,
      0.0,
      72.33071931726421,
      34.623914911054555,
      87.2699641312245,
      37.350020569817545,
      90.86499887838971,
      33.25701752154022,
      47.74433896387729
    ],
    [
      7.506843164066365,
      30.4161033764171,
      6.290813622574437,
      61.82021589980737,
      35.65099415184657,
      18.241083564988546,
      57.32261903198548,
      46.63046546337449,
      49.639095451325275,
      78.58804359783231,
      72.33071931726421,
      0.0,
      65.66141370764223,
      15.36431035939971,
      36.02375468960213,
      20.508316477786348,
      62.64052820874902,
      25.87750363635125
    ],
    [
      59.18692351282396,
      53.54220799752245,
      69.45631298507098,
      14.070401833768203,
      31.357229812906695,
      73.7277535753621,
      17.655229223463266,
      57.77012973787703,
      27.73512854898803,
      14.00779477864813,
      34.623914911054555,
      65.66141370764223,
      0.0,
      77.54588411580986,
      33.583863964861166,
      78.69082471218051,
      60.17462189344026,
      41.01488365669856
    ],
    [
      22.70544889180484,
      32.3584413619042,
      9.29039709599759,
      71.63115441103737,
      46.347438830614216,
      8.408307128273163,
      66.75294388872003,
      61.56458743079726,
      64.2536951698916,
      89.6498123959702,
      87.2699641312245,
      15.36431035939971,
      77.54588411580986,
      0.0,
      50.39186459940205,
      6.674789264956024,
      77.7129908092755,
      39.9717135805759
    ],
    [
      28.660976895245135,
      39.45356079642863,
      41.2583905885478,
      36.015160007920194,
      18.23544999951815,
      49.389703362142924,
      33.61983234519979,
      30.207112113097185,
      13.960519245809518,
      47.55693525725098,
      37.350020569817545,
      36.02375468960213,
      33.583863964861166,
      50.39186459940205,
      0.0,
      53.61939435367041,
      40.32650358511585,
      10.462775572699842
    ],
    [
      27.342799766671735,
      30.05316795860251,
      14.223659621685648,
      71.66600459909536,
      47.33467981181149,
      5.091373928232452,
      66.657177659837,
      67.1310108747833,
      67.57724281084155,
      90.2004628852587,
      90.86499887838971,
      20.508316477786348,
      78.69082471218051,
      6.674789264956024,
      53.61939435367041,
      0.0,
      83.1449461858644,
      43.16330068096849
    ],
    [
      56.06736416769672,
      78.23227377407636,
      68.93075091934688,
      69.66909188571951,
      58.52723722856962,
      80.4100990637598,
      69.33182757588294,
      16.288536112517576,
      34.24622696335958,
      72.14358984833835,
      33.25701752154022,
      62.64052820874902,
      60.17462189344026,
      77.7129908092755,
      40.32650358511585,
      83.1449461858644,
      0.0,
      46.729190773847755
    ],
    [
      18.71851421564848,
      31.50411207885543,
      30.892421478313295,
      40.22368953292985,
      16.249328841031662,
      38.97726904207789,
      36.708907615592466,
      33.79968489529368,
      24.41456733602769,
      54.606894970702264,
      47.74433896387729,
      25.87750363635125,
      41.01488365669856,
      39.9717135805759,
      10.462775572699842,
      43.16330068096849,
      46.729190773847755,
      0.0
    ]
  ]
}