{
  "n": 40,
  "points": [
    [
      30.623217954880545,
      26.506356560750575
    ],
    [
      19.606006315115142,
      43.05214765670476
    ],
    [
      2.3113551992055226,
      19.578191508398636
    ],
    [
      35.28052884687256,
      22.32420193457386
    ],
    [
      61.35218556965458,
      58.04571115888542
    ],
    [
      85.3567678544551,
      4.113053653818566
    ],
    [
      48.817443749109536,
      92.0826156293208
    ],
    [
      10.910188331885672,
      41.10566223043563
    ],
    [
      47.01268224745551,
      12.729654869520868
    ],
    [
      98.23550002909744,
      2.031596620537346
    ],
    [
      70.54860480119652,
      96.55091423448397
    ],
    [
      35.27453916335838,
      60.58947579288002
    ],
    [
      21.738033605147855,
      99.19695462876366
    ],
    [
      66.91795634386895,
      69.30397418519743
    ],
    [
      17.547092681638354,
      83.04488052874636
    ],
    [
      24.618776642934126,
      60.41956932835899
    ],
    [
      81.85120565360069,
      41.77464517045397
    ],
    [
      6.146904464630431,
      90.72540528790857
    ],
    [
      73.3865411760651,
      38.03659771279406
    ],
    [
      39.41915709925053,
      87.86033770791212
    ],
    [
      11.182946783626214,
      43.42867788622053
    ],
    [
      56.85616868339765,
      1.962086328262369
    ],
    [
      36.514669021907544,
      46.95389079352754
    ],
    [
      24.526652716463737,
      54.96497701736692
    ],
    [
      43.613519145846944,
      93.17510591499547
    ],
    [
      29.48921079231972,
      42.123399121659276
    ],
    [
      24.98152520531276,
      44.20345663556196
    ],
    [
      58.338587494772774,
      76.02082949803382
    ],
    [
      73.34281666444777,
      72.2101157175935
    ],
    [
      73.85050038380734,
      51.174205857586166
    ],
    [
      26.014157704754727,
      77.06817055495284
    ],
    [
      50.64265511976615,
      36.54179528258079
    ],
    [
      19.21008565564577,
      16.437640402808906
    ],
    [
      10.972907852200553,
      73.00651548609235
    ],
    [
      56.257721726745224,
      89.20156591662021
    ],
    [
      19.507492735239108,
      89.47697847896323
    ],
    [
      4.256659502374771,
      44.33297921117377
    ],
    [
      89.33425218014006,
      66.89176285113267
    ],
    [
      82.11247653333703,
      66.16373630799396
    ],
    [
      16.805860178294886,
      69.84968176567115
    ]
  ],
  "distances": [
    [
      0.0,
      19.87818289749692,
      29.147230463438706,
      6.259469790798482,
      44.03408156345174,
      59.13731055510411,
      68.05347607344996,
      24.530455824423065,
      21.41055929411283,
      71.90573385631036,
      80.62429270720422,
      34.39903785828883,
      73.23161577088248,
      56.11545338900393,
      58.03093782320907,
      34.44066369409404,
      53.45490960360349,
      68.72536752534754,
      44.290498687007116,
      61.981283852770545,
      25.773806514645006,
      35.92476729458679,
      21.279352712800254,
      29.104315590647627,
      67.92252988141087,
      15.658160511183075,
      18.574607617347265,
      56.74349953069286,
      62.56035258031368,
      49.77048055948019,
      50.77145330570712,
      22.393925398161265,
      15.219679167086003,
      50.481674568238425,
      67.73342645847815,
      63.94418325324874,
      31.827407681901853,
      71.25985251906452,
      64.99116491782729,
      45.49245229426169
    ],
    [
      19.87818289749692,
      0.0,
      29.157015870517903,
      25.987273624952962,
      44.35707867799753,
      76.4160695454088,
      57.07271560539148,
      8.91100756997407,
      40.87272262143964,
      88.68643012901127,
      73.87331294762545,
      23.517244731735936,
      56.18527289508522,
      54.10710684933514,
      40.04569649693452,
      18.076371369290555,
      62.25830750422131,
      49.53672290122605,
      54.01390257303869,
      48.99321217944383,
      8.431471217097622,
      55.46140763124001,
      17.352996111271846,
      12.88907538900131,
      55.57581863436746,
      9.92674692835401,
      5.497428098999444,
      50.86400325567728,
      61.13781062452228,
      54.84918382425475,
      34.61436433110794,
      31.71211530406804,
      26.617451973024576,
      31.173619313910738,
      58.93315746117579,
      46.424935345143346,
      15.40269382441612,
      73.69094601124186,
      66.64236152124158,
      26.943434315409135
    ],
    [
      29.147230463438706,
      29.157015870517903,
      0.0,
      33.083333935241264,
      70.46679869905206,
      84.47313804957084,
      86.13772570319043,
      23.18128397936227,
      45.222904528221726,
      97.51576566640288,
      102.86458222882759,
      52.61650820528795,
      81.95451955020361,
      81.5270898185741,
      65.26981164243648,
      46.536428673683936,
      82.57887360263106,
      71.25052608054757,
      73.432927364035,
      77.713836936962,
      25.44702021257954,
      57.318965794429076,
      43.80976589533487,
      41.78210181929611,
      84.39416186471188,
      35.31178586485247,
      33.47148473983326,
      79.52875041097064,
      88.40581408397655,
      78.20586561440007,
      62.18456832197448,
      51.221854759649524,
      17.188081693029098,
      54.12585608954382,
      88.07737919302015,
      71.98296719443118,
      24.831103943268328,
      99.05331207061342,
      92.40363602402171,
      52.31934066170838
    ],
    [
      6.259469790798482,
      25.987273624952962,
      33.083333935241264,
      0.0,
      44.223947195305406,
      53.284853709550404,
      71.05972379820979,
      30.767787500264678,
      15.155815939708654,
      66.14467648258646,
      82.17932830325148,
      38.26527432709032,
      78.0565133999348,
      56.639436961786295,
      63.25721751044093,
      39.55919585792478,
      50.469274616432905,
      74.34710949209673,
      41.21829153087261,
      65.66668360677893,
      32.03267654268879,
      29.666883663779757,
      24.660589515672623,
      34.36664152683036,
      71.33925512763449,
      20.628804474861862,
      24.182044212174702,
      58.4380174227269,
      62.74824418160879,
      48.16601946100367,
      55.5226776592458,
      20.931671797389196,
      17.114635579810123,
      56.20993991595307,
      70.09011652370461,
      68.98031650985362,
      38.03770164344122,
      70.05763693017775,
      64.14932656065865,
      50.990044279150815
    ],
    [
      44.03408156345174,
      44.35707867799753,
      70.46679869905206,
      44.223947195305406,
      0.0,
      59.033477927584464,
      36.27162277093851,
      53.21052849797077,
      47.530688119868564,
      67.06683169070479,
      39.588190039143726,
      26.201419438743674,
      57.1201004462022,
      12.558912798515763,
      50.4365406437706,
      36.81003306146902,
      26.171691057360363,
      64.15282901206498,
      23.3493112480882,
      37.01310165524476,
      52.25524071386262,
      56.26355074098671,
      27.201667362074986,
      36.954171520576075,
      39.3539662858235,
      35.619786387229695,
      38.915715920779014,
      18.22598838645851,
      18.55816775854156,
      14.262729693135677,
      40.13265721149639,
      24.023164663971183,
      59.221517518592606,
      52.5537561878248,
      31.56961905902218,
      52.33452859969958,
      58.719146063010996,
      29.347038731966748,
      22.291074743455372,
      46.08371543136207
    ],
    [
      59.13731055510411,
      76.4160695454088,
      84.47313804957084,
      53.284853709550404,
      59.033477927584464,
      0.0,
      95.25631758700949,
      83.13089853906942,
      39.3003144713545,
      13.045850137402454,
      93.61645027313537,
      75.48387833369972,
      114.4040714839168,
      67.74840138078152,
      104.05952787158172,
      82.82226321357118,
      37.8243895113981,
      117.3707881622252,
      35.97350647703517,
      95.5189597322632,
      83.94923490437999,
      28.58165169378584,
      64.96836110907687,
      79.28569238818238,
      98.3592800183151,
      67.5719638213627,
      72.47351472214795,
      76.81608097794518,
      69.14871571412945,
      48.44735532361149,
      94.042514116954,
      47.50466194576812,
      67.28505780961822,
      101.3867235493384,
      89.92668905636152,
      107.8106056716089,
      90.52552118910093,
      62.90458417350837,
      62.13543790805264,
      94.97647718641416
    ],
    [
      68.05347607344996,
      57.07271560539148,
      86.13772570319043,
      71.05972379820979,
      36.27162277093851,
      95.25631758700949,
      0.0,
      63.526449539532415,
      79.37348137397149,
      102.71966856942409,
      22.18578493307472,
      34.2816003327787,
      27.99836197251347,
      29.094588194937195,
      32.55019987083107,
      39.85127338959631,
      60.18406198698147,
      42.69211803997444,
      59.36844785750056,
      10.303175374540274,
      61.510657773709845,
      90.47834492336868,
      46.775635445101365,
      44.35945925188082,
      5.317364601072157,
      53.56775059017632,
      53.48424888484602,
      18.671720647888478,
      31.565965364265477,
      47.95989902541645,
      27.302443394536667,
      55.570802777505584,
      81.23273927607138,
      42.3804966219948,
      7.978607888068114,
      29.4255428734086,
      65.31225972778218,
      47.709441718900614,
      42.19416444695033,
      38.974925668905
    ],
    [
      24.530455824423065,
      8.91100756997407,
      23.18128397936227,
      30.767787500264678,
      53.21052849797077,
      83.13089853906942,
      63.526449539532415,
      0.0,
      45.91936258998425,
      95.66866083677468,
      81.4304407992453,
      31.19680404104204,
      59.09179711067985,
      62.70578023421924,
      42.46111787060166,
      23.684433724896795,
      70.94417154928166,
      49.847846235215506,
      62.55168919960398,
      54.760943921582715,
      2.3389739010980106,
      60.35936252869743,
      26.26387649856485,
      19.42906865240162,
      61.48768016397218,
      18.606876792333267,
      14.408291070834904,
      58.89415889949113,
      69.7518466224845,
      63.74055578644659,
      39.00553673271958,
      39.993721989429126,
      26.02690139976767,
      31.900914911286996,
      66.10306147515898,
      49.12939933094024,
      7.394932101060393,
      82.55456847259146,
      75.48293132622064,
      29.34241989956765
    ],
    [
      21.41055929411283,
      40.87272262143964,
      45.222904528221726,
      15.155815939708654,
      47.530688119868564,
      39.3003144713545,
      79.37348137397149,
      45.91936258998425,
      0.0,
      52.328056640677346,
      87.06286907737481,
      49.278255467079426,
      90.08552487301638,
      59.9739405315799,
      76.23943814043356,
      52.686003353030216,
      45.357845789916254,
      88.05310259793612,
      36.551631849465984,
      75.51344998038005,
      47.182623470805886,
      14.588857306358047,
      35.79813691054115,
      47.84813435235452,
      80.51723358201762,
      34.22081607733922,
      38.41838203547369,
      64.2965700137117,
      65.04768405651335,
      46.885519971456525,
      67.67852416812133,
      24.087231765086514,
      28.048770631918682,
      70.22937607761058,
      77.02872148860514,
      81.52721711990057,
      53.16810689145864,
      68.73608384668772,
      63.93118658436252,
      64.61539733016319
    ],
    [
      71.90573385631036,
      88.68643012901127,
      97.51576566640288,
      66.14467648258646,
      67.06683169070479,
      13.045850137402454,
      102.71966856942409,
      95.66866083677468,
      52.328056640677346,
      0.0,
      98.49094156097242,
      85.98318327614889,
      123.66474504138228,
      74.20486052596809,
      114.34059318484212,
      93.96050935922075,
      42.98784723877162,
      127.85500040655519,
      43.74735260256444,
      104.047753422575,
      96.39432225952511,
      41.37938972843782,
      76.33789029035819,
      90.74655328106192,
      106.25770598935006,
      79.58269228680106,
      84.52579845591823,
      84.06051517550888,
      74.46254244751908,
      54.86004238356068,
      104.14609793431966,
      58.78803193046495,
      80.32776739305324,
      112.48199456536828,
      96.7509039662238,
      117.66390245452396,
      103.0603194048348,
      65.46810961627827,
      66.12777954488031,
      105.97206669204876
    ],
    [
      80.62429270720422,
      73.87331294762545,
      102.86458222882759,
      82.17932830325148,
      39.588190039143726,
      93.61645027313537,
      22.18578493307472,
      81.4304407992453,
      87.06286907737481,
      98.49094156097242,
      0.0,
      50.37345294311066,
      48.882240028999234,
      27.487767284195886,
      54.695276152700714,
      58.438199830015954,
      55.930210428745724,
      64.66463918346321,
      58.58309586278549,
      32.31978704435399,
      79.66337518897797,
      95.57473082103245,
      60.15125533878364,
      62.02749590234512,
      27.14580853595903,
      68.17791605595573,
      69.40183758351462,
      23.886584140663366,
      24.500654937707104,
      45.49668314899991,
      48.60961097836603,
      63.22452997139087,
      95.15135412639714,
      64.05936605510448,
      16.069917851218946,
      51.528979108874815,
      84.38800121818635,
      35.10791660333261,
      32.51313137447023,
      60.01031923724457
    ],
    [
      34.39903785828883,
      23.517244731735936,
      52.61650820528795,
      38.26527432709032,
      26.201419438743674,
      75.48387833369972,
      34.2816003327787,
      31.19680404104204,
      49.278255467079426,
      85.98318327614889,
      50.37345294311066,
      0.0,
      40.911788090850635,
      32.8214614709573,
      28.60957113648885,
      10.657117016264962,
      50.23329287130042,
      41.91173284024262,
      44.28495237788771,
      27.58401289557535,
      29.578671508104918,
      62.47349460512187,
      13.691862559222232,
      12.13062445017114,
      33.63572323592378,
      19.35112430811574,
      19.35065270642095,
      27.75026130701084,
      39.80242485276234,
      39.70833781507394,
      18.902434917766982,
      28.53891949557692,
      46.983520885661555,
      27.290147656732398,
      35.481624141764605,
      32.910295721930744,
      35.01974499870448,
      54.425833880808966,
      47.168472069427914,
      20.660191628149104
    ],
    [
      73.23161577088248,
      56.18527289508522,
      81.95451955020361,
      78.0565133999348,
      57.1201004462022,
      114.4040714839168,
      27.99836197251347,
      59.09179711067985,
      90.08552487301638,
      123.66474504138228,
      48.882240028999234,
      40.911788090850635,
      0.0,
      54.173939292580904,
      16.686925527394088,
      38.88424219636786,
      83.13191371099774,
      17.744025927360283,
      80.05096871613664,
      21.003357141748726,
      56.75835223685354,
      103.38231485505648,
      54.29260237944386,
      44.31979512546396,
      22.689194114662744,
      57.59749548382689,
      55.08906478865492,
      43.321280233882575,
      58.23523940892538,
      70.86532010297081,
      22.538152584020327,
      69.00105895998193,
      82.79791429731614,
      28.316550548446727,
      35.93767749200267,
      9.972624976655968,
      57.58171792455496,
      74.91911759642954,
      68.82054105800685,
      29.75884337828607
    ],
    [
      56.11545338900393,
      54.10710684933514,
      81.5270898185741,
      56.639436961786295,
      12.558912798515763,
      67.74840138078152,
      29.094588194937195,
      62.70578023421924,
      59.9739405315799,
      74.20486052596809,
      27.487767284195886,
      32.8214614709573,
      54.173939292580904,
      0.0,
      51.24738711287381,
      43.2221384597314,
      31.31877856731644,
      64.43600280120812,
      31.929475742616283,
      33.174125264774695,
      61.44853333677052,
      68.08942231404545,
      37.7344154267207,
      44.75074818380035,
      33.360571385663086,
      46.25683359620769,
      48.87433107366712,
      10.89594948329058,
      7.0515593130360505,
      19.41001459243506,
      41.634162515623224,
      36.58204199306459,
      71.2101830723327,
      56.06743495844947,
      22.573319623008647,
      51.52380189603158,
      67.45360414277775,
      22.545710956619125,
      15.515622375965988,
      50.11506738368342
    ],
    [
      58.03093782320907,
      40.04569649693452,
      65.26981164243648,
      63.25721751044093,
      50.4365406437706,
      104.05952787158172,
      32.55019987083107,
      42.46111787060166,
      76.23943814043356,
      114.34059318484212,
      54.695276152700714,
      28.60957113648885,
      16.686925527394088,
      51.24738711287381,
      0.0,
      23.70471305379633,
      76.4084502633036,
      13.746081331030673,
      71.72021702562314,
      22.395888679232087,
      40.12413070491192,
      90.10895056247259,
      40.77166285904476,
      28.93432631820052,
      27.965694251890117,
      42.628415705020494,
      39.546516875688354,
      41.39182699485523,
      56.837970963774296,
      64.69786412913176,
      10.363988238922484,
      57.077606734236475,
      66.62799698944798,
      11.999528278277781,
      39.19716285693559,
      6.724213887982885,
      40.92978032819073,
      73.58205949530196,
      66.73576119382346,
      13.216001514114412
    ],
    [
      34.44066369409404,
      18.076371369290555,
      46.536428673683936,
      39.55919585792478,
      36.81003306146902,
      82.82226321357118,
      39.85127338959631,
      23.684433724896795,
      52.686003353030216,
      93.96050935922075,
      58.438199830015954,
      10.657117016264962,
      38.88424219636786,
      43.2221384597314,
      23.70471305379633,
      0.0,
      60.192891003132736,
      35.491601189277425,
      53.65903722488964,
      31.177668785718986,
      21.661299961147396,
      66.75722256263458,
      17.96765855351048,
      5.455370207141044,
      37.86456681160427,
      18.933329686983946,
      16.220169462277532,
      37.1540706082881,
      50.13032076672514,
      50.0923084735008,
      16.70697492396005,
      35.31841367273111,
      44.31324869842103,
      18.564507767015943,
      42.771791798136015,
      29.503529445316897,
      25.949840000358044,
      65.03831227056044,
      57.779935802816915,
      12.246170187604793
    ],
    [
      53.45490960360349,
      62.25830750422131,
      82.57887360263106,
      50.469274616432905,
      26.171691057360363,
      37.8243895113981,
      60.18406198698147,
      70.94417154928166,
      45.357845789916254,
      42.98784723877162,
      55.930210428745724,
      50.23329287130042,
      83.13191371099774,
      31.31877856731644,
      76.4084502633036,
      60.192891003132736,
      0.0,
      90.15163966665779,
      9.253299061036047,
      62.64479069464479,
      70.68761303042105,
      47.00842174233023,
      45.63141614042875,
      58.82252309850626,
      64.06346879631482,
      52.36315627587106,
      56.92152211091532,
      41.54087569709406,
      31.60238204022817,
      12.343541871164046,
      66.0561038641244,
      31.644215022210908,
      67.57124924991291,
      77.45426277898989,
      53.89192175992004,
      78.5000072835869,
      77.6367095224845,
      26.20812060990668,
      24.390490544222963,
      70.84563958229657
    ],
    [
      68.72536752534754,
      49.53672290122605,
      71.25052608054757,
      74.34710949209673,
      64.15282901206498,
      117.3707881622252,
      42.69211803997444,
      49.847846235215506,
      88.05310259793612,
      127.85500040655519,
      64.66463918346321,
      41.91173284024262,
      17.744025927360283,
      64.43600280120812,
      13.746081331030673,
      35.491601189277425,
      90.15163966665779,
      0.0,
      85.42411362591452,
      33.39538003406955,
      47.56408461379558,
      102.22698406164896,
      53.274258374359604,
      40.20725526435899,
      37.54661434581151,
      53.91677167709337,
      50.18998550365317,
      54.22357722134366,
      69.70011882513673,
      78.40965678259485,
      24.108666737467704,
      70.11230576420567,
      75.42757264060103,
      18.364350369826454,
      50.13398142085416,
      13.418788635119773,
      46.43091882897253,
      86.534255250422,
      79.83760844868009,
      23.4394788654261
    ],
    [
      44.290498687007116,
      54.01390257303869,
      73.432927364035,
      41.21829153087261,
      23.3493112480882,
      35.97350647703517,
      59.36844785750056,
      62.55168919960398,
      36.551631849465984,
      43.74735260256444,
      58.58309586278549,
      44.28495237788771,
      80.05096871613664,
      31.929475742616283,
      71.72021702562314,
      53.65903722488964,
      9.253299061036047,
      85.42411362591452,
      0.0,
      60.300814655549736,
      62.43686157980486,
      39.68152701672459,
      37.93485299879566,
      51.70936787627728,
      62.66329011132505,
      44.08715868113069,
      48.79626748125424,
      40.85636761031427,
      34.17354597722144,
      13.145798032548523,
      61.38083083736833,
      22.792954772193998,
      58.32326542328143,
      71.54269196610552,
      53.95600455024389,
      74.4920441004094,
      69.41602812169221,
      32.96892539089324,
      29.449581888591766,
      64.911060529981
    ],
    [
      61.981283852770545,
      48.99321217944383,
      77.713836936962,
      65.66668360677893,
      37.01310165524476,
      95.5189597322632,
      10.303175374540274,
      54.760943921582715,
      75.51344998038005,
      104.047753422575,
      32.31978704435399,
      27.58401289557535,
      21.003357141748726,
      33.174125264774695,
      22.395888679232087,
      31.177668785718986,
      62.64479069464479,
      33.39538003406955,
      60.300814655549736,
      0.0,
      52.64461954937743,
      87.65020800355913,
      41.00943123417821,
      36.10943701793744,
      6.770482558352274,
      46.802471995624266,
      45.98226266366385,
      22.318575248944246,
      37.35965908090772,
      50.31291753137057,
      17.209441612784715,
      52.531511538095394,
      74.22673547280063,
      32.09088859509375,
      16.89189603988107,
      19.97718461464646,
      55.95562683907557,
      54.14053794024035,
      47.89010374396655,
      28.909253278233983
    ],
    [
      25.773806514645006,
      8.431471217097622,
      25.44702021257954,
      32.03267654268879,
      52.25524071386262,
      83.94923490437999,
      61.510657773709845,
      2.3389739010980106,
      47.182623470805886,
      96.39432225952511,
      79.66337518897797,
      29.578671508104918,
      56.75835223685354,
      61.44853333677052,
      40.12413070491192,
      21.661299961147396,
      70.68761303042105,
      47.56408461379558,
      62.43686157980486,
      52.64461954937743,
      0.0,
      61.688908355881026,
      25.575833859314947,
      17.63918041365109,
      59.38391301828569,
      18.352739703085255,
      13.820312896959484,
      57.32279474664653,
      68.49978530799825,
      63.14440179292842,
      36.763844798887625,
      40.05618221909755,
      28.159386763593034,
      29.57858335750896,
      64.24089519002935,
      46.794701118610675,
      6.985070965189809,
      81.59744414655313,
      74.48409945724363,
      27.01271184168463
    ],
    [
      35.92476729458679,
      55.46140763124001,
      57.318965794429076,
      29.666883663779757,
      56.26355074098671,
      28.58165169378584,
      90.47834492336868,
      60.35936252869743,
      14.588857306358047,
      41.37938972843782,
      95.57473082103245,
      62.47349460512187,
      103.38231485505648,
      68.08942231404545,
      90.10895056247259,
      66.75722256263458,
      47.00842174233023,
      102.22698406164896,
      39.68152701672459,
      87.65020800355913,
      61.688908355881026,
      0.0,
      49.3765032937637,
      62.08465208131073,
      92.16931544122559,
      48.59919165481149,
      52.91810902038575,
      74.07357832195288,
      72.1567404663999,
      52.063807184185094,
      81.19207799455224,
      35.13351707658661,
      40.33322740740578,
      84.57295394430533,
      87.2415321828281,
      95.15135281870332,
      67.54258604598778,
      72.59950964700758,
      68.99081784071615,
      78.8210176642448
    ],
    [
      21.279352712800254,
      17.352996111271846,
      43.80976589533487,
      24.660589515672623,
      27.201667362074986,
      64.96836110907687,
      46.775635445101365,
      26.26387649856485,
      35.79813691054115,
      76.33789029035819,
      60.15125533878364,
      13.691862559222232,
      54.29260237944386,
      37.7344154267207,
      40.77166285904476,
      17.96765855351048,
      45.63141614042875,
      53.274258374359604,
      37.93485299879566,
      41.00943123417821,
      25.575833859314947,
      49.3765032937637,
      0.0,
      14.418392331511015,
      46.76317354914195,
      8.525884888248958,
      11.856571779041458,
      36.347906998365026,
      44.65634732258955,
      37.573599278271715,
      31.892484749091658,
      17.55026279319952,
      35.081193585579996,
      36.48452846100645,
      46.633187575077706,
      45.798002484268565,
      32.36430681607105,
      56.45730339995766,
      49.479068448577735,
      30.210170311902534
    ],
    [
      29.104315590647627,
      12.88907538900131,
      41.78210181929611,
      34.36664152683036,
      36.954171520576075,
      79.28569238818238,
      44.35945925188082,
      19.42906865240162,
      47.84813435235452,
      90.74655328106192,
      62.02749590234512,
      12.13062445017114,
      44.31979512546396,
      44.75074818380035,
      28.93432631820052,
      5.455370207141044,
      58.82252309850626,
      40.20725526435899,
      51.70936787627728,
      36.10943701793744,
      17.63918041365109,
      62.08465208131073,
      14.418392331511015,
      0.0,
      42.7120875217602,
      13.76710229161426,
      10.771129463018964,
      39.83209581656771,
      51.772701990397486,
      49.469302549127804,
      22.15319019126073,
      31.960275448785705,
      38.89243566458183,
      22.565484930841624,
      46.67981105351348,
      34.87506576054521,
      22.889124104039205,
      65.89592679801093,
      58.664634272424955,
      16.767977602013737
    ],
    [
      67.92252988141087,
      55.57581863436746,
      84.39416186471188,
      71.33925512763449,
      39.3539662858235,
      98.3592800183151,
      5.317364601072157,
      61.48768016397218,
      80.51723358201762,
      106.25770598935006,
      27.14580853595903,
      33.63572323592378,
      22.689194114662744,
      33.360571385663086,
      27.965694251890117,
      37.86456681160427,
      64.06346879631482,
      37.54661434581151,
      62.66329011132505,
      6.770482558352274,
      59.38391301828569,
      92.16931544122559,
      46.76317354914195,
      42.7120875217602,
      0.0,
      52.9695464675533,
      52.39631314651769,
      22.607450923756616,
      36.37804207109896,
      51.7527838866399,
      23.85730265195114,
      57.06785983132203,
      80.52432042150181,
      38.36901804205782,
      13.253862796388184,
      24.388043296707032,
      62.725718345413476,
      52.73707947740192,
      47.02960565399015,
      35.53485600176897
    ],
    [
      15.658160511183075,
      9.92674692835401,
      35.31178586485247,
      20.628804474861862,
      35.619786387229695,
      67.5719638213627,
      53.56775059017632,
      18.606876792333267,
      34.22081607733922,
      79.58269228680106,
      68.17791605595573,
      19.35112430811574,
      57.59749548382689,
      46.25683359620769,
      42.628415705020494,
      18.933329686983946,
      52.36315627587106,
      53.91677167709337,
      44.08715868113069,
      46.802471995624266,
      18.352739703085255,
      48.59919165481149,
      8.525884888248958,
      13.76710229161426,
      52.9695464675533,
      0.0,
      4.964460556037616,
      44.51204693384928,
      53.18222695141683,
      45.27517108516463,
      35.11713320427118,
      21.87744291115374,
      27.66619985719759,
      36.00861495461024,
      54.1563197274392,
      48.3941749936863,
      25.32911148800292,
      64.76805401234023,
      57.85452367172675,
      30.48957415337115
    ],
    [
      18.574607617347265,
      5.497428098999444,
      33.47148473983326,
      24.182044212174702,
      38.915715920779014,
      72.47351472214795,
      53.48424888484602,
      14.408291070834904,
      38.41838203547369,
      84.52579845591823,
      69.40183758351462,
      19.35065270642095,
      55.08906478865492,
      48.87433107366712,
      39.546516875688354,
      16.220169462277532,
      56.92152211091532,
      50.18998550365317,
      48.79626748125424,
      45.98226266366385,
      13.820312896959484,
      52.91810902038575,
      11.856571779041458,
      10.771129463018964,
      52.39631314651769,
      4.964460556037616,
      0.0,
      46.09814335146781,
      55.88548527598686,
      49.36363114391678,
      32.8809329381377,
      26.780489972631564,
      28.359302980617727,
      32.02901121316476,
      54.79991156669256,
      45.60325439689971,
      20.725270432551863,
      68.235128108828,
      61.20620461143223,
      26.91784467705851
    ],
    [
      56.74349953069286,
      50.86400325567728,
      79.52875041097064,
      58.4380174227269,
      18.22598838645851,
      76.81608097794518,
      18.671720647888478,
      58.89415889949113,
      64.2965700137117,
      84.06051517550888,
      23.886584140663366,
      27.75026130701084,
      43.321280233882575,
      10.89594948329058,
      41.39182699485523,
      37.1540706082881,
      41.54087569709406,
      54.22357722134366,
      40.85636761031427,
      22.318575248944246,
      57.32279474664653,
      74.07357832195288,
      36.347906998365026,
      39.83209581656771,
      22.607450923756616,
      44.51204693384928,
      46.09814335146781,
      0.0,
      15.480582433893233,
      29.291195738771897,
      32.341392742726995,
      40.222152077003365,
      71.28250892702847,
      47.46149699456778,
      13.343980473636737,
      41.09649456609226,
      62.681534690667704,
      32.3120888698222,
      25.736357282550614,
      41.98869493898987
    ],
    [
      62.56035258031368,
      61.13781062452228,
      88.40581408397655,
      62.74824418160879,
      18.55816775854156,
      69.14871571412945,
      31.565965364265477,
      69.7518466224845,
      65.04768405651335,
      74.46254244751908,
      24.500654937707104,
      39.80242485276234,
      58.23523940892538,
      7.0515593130360505,
      56.837970963774296,
      50.13032076672514,
      31.60238204022817,
      69.70011882513673,
      34.17354597722144,
      37.35965908090772,
      68.49978530799825,
      72.1567404663999,
      44.65634732258955,
      51.772701990397486,
      36.37804207109896,
      53.18222695141683,
      55.88548527598686,
      15.480582433893233,
      0.0,
      21.04203522469384,
      47.577333423866065,
      42.27914872380222,
      77.72336565801541,
      62.374993209132285,
      24.09584712966768,
      56.53659568971944,
      74.49853589984309,
      16.85262255747564,
      10.652025074174212,
      56.586209425605915
    ],
    [
      49.77048055948019,
      54.84918382425475,
      78.20586561440007,
      48.16601946100367,
      14.262729693135677,
      48.44735532361149,
      47.95989902541645,
      63.74055578644659,
      46.885519971456525,
      54.86004238356068,
      45.49668314899991,
      39.70833781507394,
      70.86532010297081,
      19.41001459243506,
      64.69786412913176,
      50.0923084735008,
      12.343541871164046,
      78.40965678259485,
      13.145798032548523,
      50.31291753137057,
      63.14440179292842,
      52.063807184185094,
      37.573599278271715,
      49.469302549127804,
      51.7527838866399,
      45.27517108516463,
      49.36363114391678,
      29.291195738771897,
      21.04203522469384,
      0.0,
      54.39497300905869,
      27.435588585543567,
      64.74723083854259,
      66.5600584907025,
      41.89971329180903,
      66.4850725409641,
      69.9292862158462,
      22.063276446072535,
      17.115673314804177,
      60.02386505857341
    ],
    [
      50.77145330570712,
      34.61436433110794,
      62.18456832197448,
      55.5226776592458,
      40.13265721149639,
      94.042514116954,
      27.302443394536667,
      39.00553673271958,
      67.67852416812133,
      104.14609793431966,
      48.60961097836603,
      18.902434917766982,
      22.538152584020327,
      41.634162515623224,
      10.363988238922484,
      16.70697492396005,
      66.0561038641244,
      24.108666737467704,
      61.38083083736833,
      17.209441612784715,
      36.763844798887625,
      81.19207799455224,
      31.892484749091658,
      22.15319019126073,
      23.85730265195114,
      35.11713320427118,
      32.8809329381377,
      32.341392742726995,
      47.577333423866065,
      54.39497300905869,
      0.0,
      47.42309540338286,
      61.0111185193281,
      15.579994833932426,
      32.586691267368174,
      14.011252732018816,
      39.306252433173974,
      64.13262537995847,
      57.14829885166768,
      11.700398443505755
    ],
    [
      22.393925398161265,
      31.71211530406804,
      51.221854759649524,
      20.931671797389196,
      24.023164663971183,
      47.50466194576812,
      55.570802777505584,
      39.993721989429126,
      24.087231765086514,
      58.78803193046495,
      63.22452997139087,
      28.53891949557692,
      69.00105895998193,
      36.58204199306459,
      57.077606734236475,
      35.31841367273111,
      31.644215022210908,
      70.11230576420567,
      22.792954772193998,
      52.531511538095394,
      40.05618221909755,
      35.13351707658661,
      17.55026279319952,
      31.960275448785705,
      57.06785983132203,
      21.87744291115374,
      26.780489972631564,
      40.222152077003365,
      42.27914872380222,
      27.435588585543567,
      47.42309540338286,
      0.0,
      37.311974841149976,
      53.882879171337095,
      52.95828940053155,
      61.41279961657372,
      47.03576443968799,
      49.17479247027369,
      43.218156484458014,
      47.47993253872217
    ],
    [
      15.219679167086003,
      26.617451973024576,
      17.188081693029098,
      17.114635579810123,
      59.221517518592606,
      67.28505780961822,
      81.23273927607138,
      26.02690139976767,
      28.048770631918682,
      80.32776739305324,
      95.15135412639714,
      46.983520885661555,
      82.79791429731614,
      71.2101830723327,
      66.62799698944798,
      44.31324869842103,
      67.57124924991291,
      75.42757264060103,
      58.32326542328143,
      74.22673547280063,
      28.159386763593034,
      40.33322740740578,
      35.081193585579996,
      38.89243566458183,
      80.52432042150181,
      27.66619985719759,
      28.359302980617727,
      71.28250892702847,
      77.72336565801541,
      64.74723083854259,
      61.0111185193281,
      37.311974841149976,
      0.0,
      57.16545046051589,
      81.65241083174524,
      73.03994357592124,
      31.65051154333522,
      86.38875622895293,
      80.18351072447201,
      53.46612444056563
    ],
    [
      50.481674568238425,
      31.173619313910738,
      54.12585608954382,
      56.20993991595307,
      52.5537561878248,
      101.3867235493384,
      42.3804966219948,
      31.900914911286996,
      70.22937607761058,
      112.48199456536828,
      64.05936605510448,
      27.290147656732398,
      28.316550548446727,
      56.06743495844947,
      11.999528278277781,
      18.564507767015943,
      77.45426277898989,
      18.364350369826454,
      71.54269196610552,
      32.09088859509375,
      29.57858335750896,
      84.57295394430533,
      36.48452846100645,
      22.565484930841624,
      38.36901804205782,
      36.00861495461024,
      32.02901121316476,
      47.46149699456778,
      62.374993209132285,
      66.5600584907025,
      15.579994833932426,
      53.882879171337095,
      57.16545046051589,
      0.0,
      48.09359651865822,
      18.55034474950046,
      29.44961246613628,
      78.59955778926904,
      71.46790789591053,
      6.632415244605668
    ],
    [
      67.73342645847815,
      58.93315746117579,
      88.07737919302015,
      70.09011652370461,
      31.56961905902218,
      89.92668905636152,
      7.978607888068114,
      66.10306147515898,
      77.02872148860514,
      96.7509039662238,
      16.069917851218946,
      35.481624141764605,
      35.93767749200267,
      22.573319623008647,
      39.19716285693559,
      42.771791798136015,
      53.89192175992004,
      50.13398142085416,
      53.95600455024389,
      16.89189603988107,
      64.24089519002935,
      87.2415321828281,
      46.633187575077706,
      46.67981105351348,
      13.253862796388184,
      54.1563197274392,
      54.79991156669256,
      13.343980473636737,
      24.09584712966768,
      41.89971329180903,
      32.586691267368174,
      52.95828940053155,
      81.65241083174524,
      48.09359651865822,
      0.0,
      36.751260971667804,
      68.68260729913369,
      39.897170070760566,
      34.6296107281771,
      43.94251699470398
    ],
    [
      63.94418325324874,
      46.424935345143346,
      71.98296719443118,
      68.98031650985362,
      52.33452859969958,
      107.8106056716089,
      29.4255428734086,
      49.12939933094024,
      81.52721711990057,
      117.66390245452396,
      51.528979108874815,
      32.910295721930744,
      9.972624976655968,
      51.52380189603158,
      6.724213887982885,
      29.503529445316897,
      78.5000072835869,
      13.418788635119773,
      74.4920441004094,
      19.97718461464646,
      46.794701118610675,
      95.15135281870332,
      45.798002484268565,
      34.87506576054521,
      24.388043296707032,
      48.3941749936863,
      45.60325439689971,
      41.09649456609226,
      56.53659568971944,
      66.4850725409641,
      14.011252732018816,
      61.41279961657372,
      73.03994357592124,
      18.55034474950046,
      36.751260971667804,
      0.0,
      47.65048356718759,
      73.3884752500804,
      66.80487449941332,
      19.8123596460479
    ],
    [
      31.827407681901853,
      15.40269382441612,
      24.831103943268328,
      38.03770164344122,
      58.719146063010996,
      90.52552118910093,
      65.31225972778218,
      7.394932101060393,
      53.16810689145864,
      103.0603194048348,
      84.38800121818635,
      35.01974499870448,
      57.58171792455496,
      67.45360414277775,
      40.92978032819073,
      25.949840000358044,
      77.6367095224845,
      46.43091882897253,
      69.41602812169221,
      55.95562683907557,
      6.985070965189809,
      67.54258604598778,
      32.36430681607105,
      22.889124104039205,
      62.725718345413476,
      25.32911148800292,
      20.725270432551863,
      62.681534690667704,
      74.49853589984309,
      69.9292862158462,
      39.306252433173974,
      47.03576443968799,
      31.65051154333522,
      29.44961246613628,
      68.68260729913369,
      47.65048356718759,
      0.0,
      88.01758628341393,
      80.8585814924986,
      28.435621091497314
    ],
    [
      71.25985251906452,
      73.69094601124186,
      99.05331207061342,
      70.05763693017775,
      29.347038731966748,
      62.90458417350837,
      47.709441718900614,
      82.55456847259146,
