{
  "n": 100,
  "points": [
    [
      12.898828866186996,
      46.115618279230944
    ],
    [
      41.615393127344745,
      60.27242315765673
    ],
    [
      18.306804693728516,
      41.791271334206506
    ],
    [
      13.408870644786264,
      65.66181275775001
    ],
    [
      80.67323185976491,
      13.814195925845462
    ],
    [
      35.03847371280278,
      61.4515805366465
    ],
    [
      55.12802876953985,
      69.24746523745837
    ],
    [
      4.526021598673058,
      35.25511579243784
    ],
    [
      4.189156765724189,
      15.048464650971283
    ],
    [
      33.8335571865699,
      16.327756502900304
    ],
    [
      76.09747325923288,
      34.660194075606384
    ],
    [
      26.199118453225367,
      18.568837354719836
    ],
    [
      90.40141467222665,
      20.747843652056986
    ],
    [
      34.62854467466615,
      38.25658696460819
    ],
    [
      5.1208033077473125,
      87.08716573392738
    ],
    [
      66.03923611056686,
      85.45657802006357
    ],
    [
      1.0957985412236582,
      80.09468084826783
    ],
    [
      38.55919371138289,
      46.52208311733194
    ],
    [
      23.89672294754799,
      30.02017440479452
    ],
    [
      4.188875276684135,
      58.077468711448624
    ],
    [
      39.4042732154641,
      91.16860734052558
    ],
    [
      17.255008854906283,
      34.798512810174955
    ],
    [
      83.87942259864083,
      28.43706610550939
    ],
    [
      60.98294327727126,
      45.40315201100529
    ],
    [
      44.918175596669904,
      20.239094833700477
    ],
    [
      9.228579773802526,
      75.14659005486163
    ],
    [
      88.76245525259317,
      81.21129624978981
    ],
    [
      81.13005439418058,
      45.4462556797534
    ],
    [
      88.18014182510043,
      73.63296602692975
    ],
    [
      81.05654071676062,
      24.772535658863028
    ],
    [
      36.48929728831073,
      74.63746256674976
    ],
    [
      82.15274838371064,
      35.49709573226959
    ],
    [
      12.39187651003525,
      87.94590078627654
    ],
    [
      50.591618506964075,
      40.80166418754621
    ],
    [
      88.41488976037827,
      88.21205014058698
    ],
    [
      95.3199008633969,
      93.64264653717407
    ],
    [
      35.388099781008755,
      58.394003112292204
    ],
    [
      27.612964559324904,
      83.95978152633171
    ],
    [
      78.33067773098836,
      93.37743478387146
    ],
    [
      49.41972028230923,
      37.39459876918411
    ],
    [
      58.28344128364018,
      24.53192126033169
    ],
    [
      81.03157715129635,
      33.76748946621827
    ],
    [
      46.442844422429566,
      8.819365545509916
    ],
    [
      66.55333168634431,
      49.15487275487392
    ],
    [
      11.931013948840718,
      25.44268150537421
    ],
    [
      55.30437973615568,
      17.925407334207854
    ],
    [
      61.74466043396792,
      82.94264731921974
    ],
    [
      26.218836120345323,
      63.455133023261
    ],
    [
      96.77525569827755,
      21.14331025140077
    ],
    [
      99.25072670719427,
      29.702145176321572
    ],
    [
      33.70587582763791,
      92.47589572392955
    ],
    [
      20.54225370837677,
      68.91654027148938
    ],
    [
      12.34626465679598,
      85.57056201798673
    ],
    [
      52.27351033569722,
      69.91634676510829
    ],
    [
      16.71716189432,
      76.55708615818074
    ],
    [
      29.485363346983572,
      23.667559087926783
    ],
    [
      93.0323784140286,
      66.39747792110865
    ],
    [
      40.14588821288109,
      45.223697525146086
    ],
    [
      30.43192527412203,
      89.27326425438692
    ],
    [
      36.63653185542534,
      48.99229416816265
    ],
    [
      2.405523832114531,
      20.96291592688566
    ],
    [
      89.40518612293565,
      45.378368137458814
    ],
    [
      66.0176939980671,
      53.53254769009107
    ],
    [
      52.27081661052576,
      99.89951330818565
    ],
    [
      79.15580695514487,
      14.593447045955942
    ],
    [
      44.76081004893442,
      8.052642831570545
    ],
    [
      20.08880849188247,
      60.455268979178655
    ],
    [
      91.24780446203042,
      55.21900142388788
    ],
    [
      84.60230996729476,
      45.43459224947779
    ],
    [
      94.2447782691344,
      86.53086430990787
    ],
    [
      62.224289582098535,
      29.21879300790988
    ],
    [
      30.11431152716314,
      17.638220662095616
    ],
    [
      9.191901861177021,
      50.0662288366791
    ],
    [
      79.69365934959494,
      37.81382845756149
    ],
    [
      58.4137626049513,
      59.61724382162189
    ],
    [
      23.854210176166912,
      72.90770930313644
    ],
    [
      33.30860332361551,
      49.272528273366476
    ],
    [
      12.772397829232407,
      39.83517411330405
    ],
    [
      88.562785121697,
      14.803602389269033
    ],
    [
      99.94458352177953,
      2.618339592549934
    ],
    [
      78.30428498603204,
      36.27813821056098
    ],
    [
      39.09457939688556,
      9.970066852158999
    ],
    [
      75.22704166533029,
      61.68880603803344
    ],
    [
      44.40990679222243,
      48.455497319890824
    ],
    [
      88.0797596652224,
      76.89814258271512
    ],
    [
      60.897064266057754,
      4.458888732455845
    ],
    [
      76.56172641571752,
      49.073328834805395
    ],
    [
      41.909432209917895,
      39.97992866936171
    ],
    [
      12.869105247230427,
      32.43699457862945
    ],
    [
      2.276282756763448,
      46.44539983216991
    ],
    [
      9.119775617281112,
      67.75193321667518
    ],
    [
      14.18850088950554,
      41.292880831301694
    ],
    [
      45.14794385665649,
      18.491416683004292
    ],
    [
      0.07976603549599837,
      91.52124024893033
    ],
    [
      22.97098630398031,
      54.55964432336494
    ],
    [
      43.578257263768336,
      15.055368292713956
    ],
    [
      38.06908678734208,
      54.54037081363865
    ],
    [
      22.76430479078885,
      76.45326871645229
    ],
    [
      50.80176107775547,
      51.57859289318605
    ],
    [
      44.39235293161373,
      36.60985455177057
    ]
  ],
  "distances": [
    [
      0.0,
      32.01649867382476,
      6.924317948521398,
      19.55284790530541,
      75.07830303881205,
      26.93242678065152,
      48.14963829745964,
      13.713293397451007,
      32.26494107633652,
      36.40850943191745,
      64.22846251315423,
      30.589587156450648,
      81.54860388846416,
      23.107248263726472,
      41.703301816764856,
      66.11818203360066,
      35.97065773547278,
      25.66358388170245,
      19.49402441108475,
      14.796930671393985,
      52.2715066122047,
      12.126548572939265,
      73.1489978986087,
      48.08939245698162,
      41.16834986581287,
      29.26205820918301,
      83.58825527973049,
      68.23450874258202,
      80.15285714112538,
      71.42129136641032,
      37.01358942249032,
      70.06324564006417,
      41.83335433969708,
      38.06552901238081,
      86.45683910734301,
      95.14226991301281,
      25.622764105166265,
      40.60402050375415,
      80.71558799379783,
      37.547725511977525,
      50.25553722015203,
      69.24267234924447,
      50.161852513788176,
      53.74051302924066,
      20.69557876866738,
      50.92071030249285,
      61.173076834995,
      21.86507179977386,
      87.51497669745373,
      87.89796561948228,
      50.81543592261562,
      24.04795182578463,
      39.45881286397101,
      46.00913189013508,
      30.680003809303276,
      27.91108180524268,
      82.6603870887937,
      27.261653758967693,
      46.58317159411584,
      23.91137401688276,
      27.253768292912568,
      76.5099094135446,
      53.63417450455027,
      66.65478815078464,
      73.37325415122703,
      49.63845228065586,
      16.041240264219812,
      78.87606456712007,
      71.70671515604462,
      90.83256902668242,
      52.13927290523418,
      33.27664373543094,
      5.417437733568616,
      67.30875941176139,
      47.47528920955668,
      28.94540587174923,
      20.652481064370306,
      6.281716622741794,
      81.88697463778327,
      97.3086669146608,
      66.14113473736639,
      44.63987269060807,
      64.24430159715494,
      31.597833248271897,
      81.23876019674317,
      63.554022044514,
      63.73156655953606,
      29.652348867432874,
      13.678655995242396,
      10.627663982244083,
      21.96386504079687,
      4.992198956310704,
      42.46294774856658,
      47.180492561147034,
      13.143436814079811,
      43.65737573454512,
      26.54276434517474,
      31.901420803311176,
      38.29459964365045,
      32.8968327062335
    ],
    [
      32.01649867382476,
      0.0,
      29.746315191786795,
      28.716779603929666,
      60.694988623199784,
      6.681787269122319,
      16.221673844980725,
      44.7379832826389,
      58.7020407755156,
      44.62836203589369,
      42.953464688816204,
      44.46178801679949,
      62.78748508478546,
      23.097902384845327,
      45.286703407648545,
      35.08227133756847,
      45.10830794184819,
      14.085886769908555,
      35.059233128314034,
      37.49082639055514,
      30.975203765697337,
      35.246963419455106,
      52.91255187371226,
      24.4171501867552,
      40.16933841543024,
      35.63911502946007,
      51.58761356576295,
      42.20454592950402,
      48.44357467246634,
      53.06454688016374,
      15.252252809855914,
      47.50888359260777,
      40.2471773860464,
      21.44022100953863,
      54.505189120400274,
      63.22773093801937,
      6.50443266458711,
      27.5165214423723,
      49.436362308510944,
      24.17234724000772,
      39.43611676133033,
      47.498916545512564,
      51.679023052349926,
      27.30385882125187,
      45.76323055443035,
      44.50458519666973,
      30.317098572208458,
      15.722073964919442,
      67.62912032308805,
      65.24088880998355,
      33.16058065295371,
      22.777136906312798,
      38.68691912290286,
      14.373612105985764,
      29.75083473742887,
      38.56233519946446,
      51.78052405901614,
      15.120303828171435,
      31.082450636039948,
      12.330059593718259,
      55.521628298124334,
      50.0569394740241,
      25.315967473188742,
      41.034672210267146,
      59.12572645622054,
      52.31442539983901,
      21.527361163462846,
      49.8890100735098,
      45.4756665202885,
      58.81630651570248,
      37.270022250597464,
      44.158239326387836,
      33.991898864359,
      44.20794990039355,
      16.811141456443423,
      21.797019883538244,
      13.784064868854,
      35.34967505179963,
      65.35649376411754,
      82.0139488367835,
      43.83834504108106,
      50.36547976291816,
      33.641478236024206,
      12.142859748776134,
      49.34928473815004,
      59.05026220885529,
      36.696947065854836,
      20.29462469570611,
      40.01449926044978,
      41.69834743478851,
      33.34528794422553,
      33.3535222239563,
      41.93007770908743,
      51.97784997012663,
      19.499993533451505,
      45.259638600825156,
      6.7403792720963605,
      24.84317400152862,
      12.648005407484604,
      23.824958736224396
    ],
    [
      6.924317948521398,
      29.746315191786795,
      0.0,
      24.367858047044148,
      68.35413656730398,
      25.816206268532103,
      45.93087334347207,
      15.252255963599598,
      30.240464485784198,
      29.823994208323388,
      58.22897591505537,
      24.52692513157653,
      75.10298686847028,
      16.70009549667369,
      47.176145264548296,
      64.691916163715,
      41.992498296522484,
      20.797592193563318,
      13.030959634884779,
      21.55356481037731,
      53.69566545920218,
      7.071417556754775,
      66.91862981407932,
      42.8287110058799,
      34.24414363424613,
      34.56864843544294,
      80.7337417689658,
      62.92948127461041,
      76.78656629110954,
      65.01666505556419,
      37.54297957590525,
      64.15544538207483,
      46.53209854795009,
      32.299977171199465,
      84.08348408994182,
      92.84170448714043,
      23.8206075563534,
      43.183189591175456,
      79.14542054881406,
      31.422034403681906,
      43.54327316606351,
      63.235892935252494,
      43.34493399410971,
      48.80522505563989,
      17.547851635285603,
      44.02726454694251,
      59.83546654593556,
      23.063459076605465,
      81.139608699638,
      81.84170991727437,
      52.972280877025774,
      27.217227030265505,
      44.18319058541157,
      44.09939863719304,
      34.802138506197835,
      21.293875155786303,
      78.67259224422001,
      22.10717346276474,
      49.005695595115725,
      19.693492013287134,
      26.20441035424386,
      71.18881306307144,
      49.1343721713843,
      67.3061801827355,
      66.65075185040604,
      42.873178708513585,
      18.74887584971859,
      74.16665950789987,
      66.39554056387449,
      88.13743251519453,
      45.68164500305793,
      26.884699633642214,
      12.310823502698053,
      61.51557507150074,
      43.89001444536885,
      31.607062809771683,
      16.763745629226435,
      5.869921266882884,
      75.2611258285221,
      90.5496853291841,
      60.25024712201924,
      38.009480814626976,
      60.29780480409961,
      26.940375779722665,
      78.10734699318287,
      56.636004459724006,
      58.70829810407635,
      23.672029653527115,
      10.819938488289791,
      16.692469728805065,
      27.538290953277258,
      4.148351397514817,
      35.54335350428847,
      52.9650332437175,
      13.593599187988506,
      36.7893303342676,
      23.51780880702997,
      34.947437239976644,
      33.936909902032625,
      26.59516698094496
    ],
    [
      19.55284790530541,
      28.716779603929666,
      24.367858047044148,
      0.0,
      84.92743762063657,
      22.035557270819535,
      41.87296333367669,
      31.67762976480972,
      51.446225620445006,
      53.39491480362894,
      69.93540776076908,
      48.7989628097943,
      89.13538274245809,
      34.66007741923617,
      22.97254470747819,
      56.229779484288635,
      18.97154252942599,
      31.604873058793967,
      37.15267729797427,
      11.938617558180345,
      36.41919170848679,
      31.102026666848126,
      79.6980580441231,
      51.707888393287284,
      55.281638924317086,
      10.365125765847417,
      76.94120580102143,
      70.6740933892538,
      75.19496178841264,
      79.04517852365353,
      24.76425616772915,
      75.07083907757719,
      22.307282585138807,
      44.7278853235305,
      78.32251342743574,
      86.55832675407898,
      23.14967754559837,
      23.164022642646177,
      70.59034452127904,
      45.78009041375589,
      60.87195630675011,
      74.76682615632647,
      65.74425624051372,
      55.64901443562349,
      40.246274102202094,
      63.51376295564453,
      51.33201552330519,
      12.998640349498848,
      94.50847169590035,
      93.06944689212465,
      33.629800247843676,
      7.840816610571371,
      19.937086762932264,
      39.096819281421084,
      11.386473267077685,
      44.966331392379175,
      79.62690621084793,
      33.65389520839762,
      29.108160895037443,
      28.59015731549629,
      46.03330336806375,
      78.65658327132464,
      53.98895596043916,
      51.79257652622968,
      83.25045111392429,
      65.58780804375763,
      8.469336913787787,
      78.53630960492067,
      74.01112248883925,
      83.48629392983477,
      60.918296221353266,
      50.846210801242485,
      16.155651133925254,
      71.89703361909083,
      45.40899816082417,
      12.712518816987698,
      25.779992370032218,
      25.8344800860348,
      90.74507382270114,
      107.06497612132887,
      71.2377367159927,
      61.32965185055744,
      61.94571051106075,
      35.455909707152564,
      75.51156716051979,
      77.46564685495953,
      65.2951835198113,
      38.36458236260719,
      33.22920236358404,
      22.20822007300347,
      4.771261854875184,
      24.38140001218866,
      56.85433171005394,
      29.092525154359066,
      14.652378640523192,
      58.91692549987985,
      27.052037466960044,
      14.282145138906897,
      39.95704364296349,
      42.473432286785204
    ],
    [
      75.07830303881205,
      60.694988623199784,
      68.35413656730398,
      84.92743762063657,
      0.0,
      65.96856496611936,
      61.03609380927526,
      79.10822128750317,
      76.49403350769708,
      46.90706887309492,
      21.342286794769173,
      54.681218407655294,
      11.946255129699608,
      52.13006519912848,
      105.2477912576022,
      73.1217118489542,
      103.56481340261439,
      53.32352289275702,
      59.04409964356479,
      88.36907897913484,
      87.67457962771537,
      66.7997946418695,
      14.970236850008696,
      37.22324020033769,
      36.32772184370011,
      94.15944393039493,
      67.8808122165233,
      31.6353582420486,
      60.28796690579331,
      10.96504151310349,
      75.17772169389735,
      21.733318043042946,
      100.78617541066889,
      40.41320211371169,
      74.79955868057017,
      81.16099087558804,
      63.5460651509687,
      87.95336915223479,
      79.59771691088599,
      39.151211784263964,
      24.82281930781054,
      19.956511079250454,
      34.59288589635748,
      38.056996986640875,
      69.71882242397884,
      25.699819402357708,
      71.67310240437209,
      73.68516710474968,
      17.691554157085502,
      24.444840891115838,
      91.61656808554051,
      81.55981170790326,
      99.08355323617029,
      62.880803998008744,
      89.59380090236019,
      52.12759968083752,
      54.016201726362965,
      51.27399315236802,
      90.65461863823624,
      56.36248347277044,
      78.59350047907779,
      32.74971744394889,
      42.3359452107073,
      90.64976040127438,
      1.7058167103632749,
      36.37165839465067,
      76.45823729582825,
      42.73382154747347,
      31.863570396907047,
      73.9722970632883,
      24.034664183745388,
      50.703329184401944,
      80.14855225476745,
      24.01961539992019,
      50.92546679264493,
      81.9783175501501,
      59.16672518599178,
      72.71598564190764,
      7.951350565955929,
      22.287489627969034,
      22.588506198099925,
      41.75597764349513,
      48.18339217020702,
      50.15025929371995,
      63.51724946768233,
      21.877353070631756,
      35.49804122072277,
      46.768341143326836,
      70.31506392908095,
      84.91688346279982,
      89.60567283548295,
      71.93954111836628,
      35.831864055823225,
      111.95397032261731,
      70.63809671342361,
      37.11573317505542,
      58.93839579037733,
      85.30590410016723,
      48.15033172250557,
      42.84791976267784
    ],
    [
      26.93242678065152,
      6.681787269122319,
      25.816206268532103,
      22.035557270819535,
      65.96856496611936,
      0.0,
      21.54915405871012,
      40.21522720452573,
      55.72189444016341,
      45.139908277085375,
      49.026725693835104,
      43.78428786918998,
      68.71571456403947,
      23.198615661784785,
      39.39860696614257,
      39.20825389406526,
      38.72557794316966,
      15.339014391469949,
      33.34774207559604,
      31.033568184769113,
      30.036009844183788,
      32.041186644441225,
      58.95249317198388,
      30.506844463566633,
      42.38015440190866,
      29.218211972097897,
      57.242576440548,
      48.79143606702553,
      54.5199325221563,
      58.847385871652854,
      13.265457924966242,
      53.79024223059776,
      34.85423030787446,
      25.851873398517686,
      59.708998681164445,
      68.338241048206,
      3.077501924205774,
      23.701419746092213,
      53.791031763364195,
      28.027818763738274,
      43.6278553042487,
      53.6821614905709,
      53.85359529461164,
      33.828912122070975,
      42.78545905079772,
      48.01285974190727,
      34.27953267824345,
      9.044347949349795,
      73.730501851747,
      71.63267466956117,
      31.052921762105214,
      16.3053984391534,
      33.1158816814342,
      19.201530009221134,
      23.745457814754364,
      38.18991112286438,
      58.204423229102545,
      17.012638534646943,
      28.20046760973821,
      12.561353694530291,
      52.002320907794214,
      56.692923501222765,
      31.97535255017146,
      42.13308885127576,
      64.35855628156398,
      54.27679404555366,
      14.982827735015116,
      56.55381424513171,
      52.08759716144903,
      64.29896557330348,
      42.16658838881719,
      44.08920362999755,
      28.243078971903955,
      50.52552748471466,
      23.447151681504717,
      16.010329077546185,
      12.30129121657939,
      31.03300117475,
      70.99919560836229,
      87.60224500845324,
      50.05629454599538,
      51.64105193125449,
      40.189268095020466,
      16.0225446461815,
      55.24467661711302,
      62.584611722757764,
      43.3289929518821,
      22.54422109053566,
      36.51475176524515,
      36.03535230264012,
      26.6734578721909,
      29.001629963546915,
      44.1336273709884,
      46.11177374250455,
      13.89687148713805,
      47.17559129127454,
      7.546484972685417,
      19.383133672609727,
      18.599922407311276,
      26.544423262669763
    ],
    [
      48.14963829745964,
      16.221673844980725,
      45.93087334347207,
      41.87296333367669,
      61.03609380927526,
      21.54915405871012,
      0.0,
      60.95935490564875,
      74.37943496420998,
      57.04340533793873,
      40.44745886492495,
      58.35413589597957,
      59.97020132504972,
      37.15727902145954,
      53.094044036881094,
      19.539441722784638,
      55.11028932924554,
      28.124176213538654,
      50.14154773655453,
      52.149460025582094,
      26.977267464055622,
      51.19664013186283,
      49.921251230563605,
      24.552623019426033,
      50.06057801747295,
      46.27698231003828,
      35.69885008421899,
      35.250573229300244,
      33.34178751374935,
      51.48113336765407,
      19.402432384603994,
      43.23682356465753,
      46.6477245095714,
      28.805253261195027,
      38.31018918214023,
      47.016076538296595,
      22.526926922566844,
      31.20145844469613,
      33.475638143865616,
      32.36031347238621,
      44.826738686909756,
      43.929745042440025,
      61.04905944831051,
      23.11384475616183,
      61.52106279343983,
      51.32236088770688,
      15.209793780170392,
      29.48376726451136,
      63.62783382904391,
      59.250694612259544,
      31.59855407342339,
      34.58735820953187,
      45.78998612256783,
      2.931838670046272,
      39.10019503929007,
      52.297936236272946,
      38.01134238191291,
      28.312646480938824,
      31.795127836239384,
      27.426399930926788,
      71.49167943895264,
      41.76909518530013,
      19.119190419835984,
      30.784926705317876,
      59.70256132707972,
      62.06678268839962,
      36.125471245511854,
      38.74836761780409,
      37.89176918627611,
      42.76489184964202,
      40.65281685173221,
      57.351549028088016,
      49.7799918160278,
      39.89415655213459,
      10.175323648670997,
      31.48728498984202,
      29.581842970134495,
      51.566290748157726,
      63.89066546969568,
      80.29921521450564,
      40.300314847641076,
      61.407503272116195,
      21.473324108721535,
      23.391965898697205,
      33.82823425576193,
      65.04491844951954,
      29.434659406567114,
      32.114171198567846,
      56.043084920344114,
      57.560761316595524,
      46.032553417636024,
      49.57321587673171,
      51.72792823736963,
      59.38377121148499,
      35.3526160748576,
      55.409210363477555,
      22.52345728220112,
      33.156209577553696,
      18.19081202308376,
      34.357944743065666
    ],
    [
      13.713293397451007,
      44.7379832826389,
      15.252255963599598,
      31.67762976480972,
      79.10822128750317,
      40.21522720452573,
      60.95935490564875,
      0.0,
      20.209458881142993,
      34.888057726263334,
      71.57392419484215,
      27.352422477138255,
      87.09215854766953,
      30.25178878575722,
      51.83546244048098,
      79.39812572962913,
      44.970579545074436,
      35.84970511389964,
      20.06560943702847,
      22.824843053180246,
      65.90000738195913,
      12.737174052856433,
      79.64576606320709,
      57.36171758687782,
      43.09300395692011,
      40.16769562994742,
      95.95700744062408,
      77.27895685591277,
      92.03733600815843,
      77.2450959138558,
      50.7210038373053,
      77.62710393702804,
      53.27467031107314,
      46.398312659152054,
      99.2057412502227,
      107.94735873751043,
      38.57299542599094,
      53.89945639353636,
      93.94323409246283,
      44.94465005876565,
      54.81648540502284,
      76.52001739742347,
      49.55672433440435,
      63.56563883362547,
      12.292997126168359,
      53.65408139541386,
      74.4853897974746,
      35.578352599444486,
      93.32236734883914,
      94.88732918867386,
      64.23146852432882,
      37.27748903763227,
      50.91954762529044,
      59.00189499696647,
      43.06363498127917,
      27.51799794478543,
      93.82548649317147,
      36.98847819761792,
      59.90889924292394,
      34.925562825464596,
      14.44865003295704,
      85.4807160029548,
      64.1505283785547,
      80.36456670011889,
      77.43713203458921,
      48.56760995585434,
      29.618373630546525,
      88.9900238931585,
      80.72071419303778,
      103.33759085889453,
      58.013165066613915,
      31.066309331781632,
      15.528667303838976,
      75.21117453913668,
      59.13883591067783,
      42.32371287787812,
      32.01444772932191,
      9.432902795983324,
      86.48954863973243,
      100.84572931064199,
      73.78535575114142,
      42.828949183474656,
      75.48095268652857,
      42.01159804866448,
      93.35613972926092,
      64.23474178774345,
      73.3490680252491,
      37.68080739117567,
      8.806182597615281,
      11.414192119755086,
      32.81989821263456,
      11.393775173764542,
      43.94499033752622,
      56.44152682100817,
      26.699841662103704,
      43.96711168014953,
      38.691837427085964,
      45.05466433285563,
      49.07035733510158,
      39.88934307623837
    ],
    [
      32.26494107633652,
      58.7020407755156,
      30.240464485784198,
      51.446225620445006,
      76.49403350769708,
      55.72189444016341,
      74.37943496420998,
      20.209458881142993,
      0.0,
      29.671991236751357,
      74.53472956921298,
      22.2897159573326,
      86.40044174849636,
      38.277581919392105,
      72.04472512959407,
      93.7162458870301,
      65.1197290127234,
      46.60352024270251,
      24.74955065781379,
      43.02900406139807,
      83.87121407042376,
      23.68081276280965,
      80.80713531260331,
      64.39674860615708,
      41.05844147828057,
      60.30904128997641,
      107.3785970392734,
      82.72803289878294,
      102.4042448959712,
      77.48001208339203,
      67.78014274391496,
      80.60067078551646,
      73.35748636849969,
      53.069913717829564,
      111.56560554303046,
      120.34059143180673,
      53.40608345285043,
      72.78354460348771,
      107.85357060905993,
      50.44951522122872,
      54.9192822856132,
      79.08956606750873,
      42.7103710620275,
      71.08120277035032,
      12.96055927265976,
      51.19612112767485,
      89.00705613991909,
      53.183759883748856,
      92.7864907108876,
      96.18436688296096,
      82.86280098293591,
      56.29558908718914,
      70.99228568083572,
      72.95607956800457,
      62.771501752142846,
      26.724274663962497,
      102.6150047345245,
      46.94072022640515,
      78.72740167916484,
      46.957594833039636,
      6.177546465792241,
      90.45261027139445,
      72.82714235539578,
      97.52715761089402,
      74.96803106420657,
      41.17038466011493,
      48.11004889119569,
      95.87950856848302,
      85.96273586998018,
      114.97716479964801,
      59.74006065244384,
      26.05418364872934,
      35.373312921691664,
      78.86185199248209,
      70.190340896606,
      61.109790683283045,
      44.935828674540346,
      26.23076424972003,
      84.3739836648657,
      96.55884093236763,
      77.09572796568831,
      35.272916710458944,
      84.98060093757508,
      52.28516581628403,
      104.22579294542085,
      57.68817808875914,
      79.9717463887809,
      45.21500942923864,
      19.434569166479257,
      31.455152610447556,
      52.933605593379596,
      28.08480485159527,
      41.10323781230869,
      76.58310844977164,
      43.7480335547586,
      39.389101103037255,
      52.03326157978808,
      64.15283381482985,
      59.221492299186906,
      45.620067036418135
    ],
    [
      36.40850943191745,
      44.62836203589369,
      29.823994208323388,
      53.39491480362894,
      46.90706887309492,
      45.139908277085375,
      57.04340533793873,
      34.888057726263334,
      29.671991236751357,
      0.0,
      46.068610453911745,
      7.9565757809238145,
      56.74028261230034,
      21.943236099640302,
      76.36305540004146,
      76.26270201944983,
      71.67971457524624,
      30.561888034995828,
      16.918125862338044,
      51.2039611264101,
      75.04789025132057,
      24.81969184635524,
      51.490038103452186,
      39.7802437028068,
      11.754460125225432,
      63.7578237857608,
      85.01210250801803,
      55.541386752780305,
      78.9774543807654,
      47.97212178427849,
      58.37015313274856,
      51.98276449397897,
      74.75897445008844,
      29.661503275705048,
      90.25781704274615,
      98.7834129788839,
      42.09496058294983,
      67.91749834471369,
      88.97553967212374,
      26.205730730499926,
      25.789632640409003,
      50.316969050436214,
      14.67549179296678,
      46.34871308608987,
      23.72347483151067,
      21.530181353964,
      72.2258496866397,
      47.738596487624655,
      63.12564430913476,
      66.77035525199673,
      76.14824626578522,
      54.242408928889276,
      72.50013693683732,
      56.67247019879073,
      62.61424070069841,
      8.531089710803531,
      77.53371806909306,
      29.577371934416984,
      73.02477799206224,
      32.784580032075866,
      31.768002509042322,
      62.70680966994788,
      49.19364948429459,
      85.58137104877443,
      45.3554203307338,
      13.707018690856238,
      46.218562007317075,
      69.34641102257541,
      58.52071552953363,
      92.61744964340582,
      31.18032245067406,
      3.943362091864187,
      41.77912986878282,
      50.64385706523519,
      49.781183299792936,
      57.453271670384346,
      32.948953907011,
      31.562178571592373,
      54.75044690353857,
      67.51752302266858,
      48.740777192154184,
      8.252185916021146,
      61.40883789994873,
      33.82382150178636,
      81.31065215095,
      29.55170786255482,
      53.832786970569394,
      24.99289910323866,
      26.438906870318906,
      43.62263184571988,
      57.05450858735061,
      31.767682786872683,
      11.519408452485777,
      82.42195347681827,
      39.74509645850511,
      9.82741834623786,
      38.446633187579145,
      61.13595969266773,
      39.12213452136193,
      22.865949987908717
    ],
    [
      64.22846251315423,
      42.953464688816204,
      58.22897591505537,
      69.93540776076908,
      21.342286794769173,
      49.026725693835104,
      40.44745886492495,
      71.57392419484215,
      74.53472956921298,
      46.068610453911745,
      0.0,
      52.42878573326903,
      19.953852616825483,
      41.62458504014135,
      88.23987213649228,
      51.782629871140315,
      87.69004389781779,
      39.36784021318343,
      52.40656557768685,
      75.62549315664842,
      67.3764921851155,
      58.84262697438631,
      9.96423891992335,
      18.54346682196636,
      34.35282675524104,
      78.17030878380159,
      48.24320555812399,
      11.902352616532829,
      40.80279197852104,
      11.061561328063338,
      56.27601264976491,
      6.112835775321039,
      83.05281209463614,
      26.234829554995848,
      54.95015957453707,
      62.0357269754971,
      47.122677983953835,
      69.14619951004659,
      58.75969331612454,
      26.817521752130993,
      20.491989787428444,
      5.014210081089401,
      39.33376959522714,
      17.354721212930876,
      64.82512659775222,
      26.690931522513846,
      50.3706117415582,
      57.59363638312804,
      24.7037817937565,
      23.678162811190298,
      71.69172120886991,
      65.2677537076006,
      81.58481575820328,
      42.550881446187155,
      72.67304138380946,
      47.890780056749634,
      35.97285363287023,
      37.47137670907627,
      71.18939322070999,
      41.983032162265076,
      74.9541115553536,
      17.087260660589404,
      21.395506091326304,
      69.45414559971036,
      20.298466477730173,
      41.10898009388784,
      61.663250143844536,
      25.53814979864857,
      13.726612963142808,
      54.95353591606319,
      14.9021498757406,
      49.03262935809124,
      68.65640094819807,
      4.783091491029927,
      30.587055342570075,
      64.74743978449331,
      45.21512690543077,
      63.53617549558535,
      23.445004440741965,
      39.94202181396708,
      2.7363773901587973,
      44.48389075270012,
      27.042624054908554,
      34.56026996715984,
      43.904663551886266,
      33.81081599118857,
      14.420609715963353,
      34.59944691664368,
      63.26744136966955,
      74.7559980331105,
      74.70659395794496,
      62.26325877654365,
      34.918515612959,
      94.93087160391322,
      56.7310473759267,
      37.9716815921713,
      42.911299267103146,
      67.75756745057153,
      30.431977808200795,
      31.765009538187236
    ],
    [
      30.589587156450648,
      44.46178801679949,
      24.52692513157653,
      48.7989628097943,
      54.681218407655294,
      43.78428786918998,
      58.35413589597957,
      27.352422477138255,
      22.2897159573326,
      7.9565757809238145,
      52.42878573326903,
      0.0,
      64.2392629801761,
      21.41641219075624,
      71.68721429413343,
      77.85373996324834,
      66.45002699921847,
      30.563956043881316,
      11.680502784511315,
      45.22590802153532,
      73.7909392424746,
      18.53104049685678,
      58.51836827001879,
      43.93170737021779,
      18.79342598851079,
      59.0681071617179,
      88.53388485710803,
      61.153931510313996,
      82.90781341137043,
      55.20708876628655,
      57.00507445504406,
      58.45831535457365,
      70.73766224907374,
      33.004433760482655,
      93.38618359522741,
      102.04782891447435,
      40.871520713823045,
      65.40622707714148,
      91.18127944949988,
      29.893237398100336,
      32.63375769278868,
      56.899890622759685,
      22.46910415826166,
      50.635640483393814,
      15.837567349676114,
      29.11237256801545,
      73.53552178403496,
      44.88629999933269,
      70.62307738358749,
      73.89511493692852,
      74.28731172325507,
      50.66449750798675,
      68.4188034545875,
      57.58854603730367,
      58.758356848001235,
      6.066001056250216,
      82.18432633669948,
      30.08311748196691,
      70.83101465314044,
      32.164053273924345,
      23.913735743364274,
      68.65681270681463,
      52.99037647380903,
      85.40733162822173,
      53.105692587483944,
      21.33369968249603,
      42.329765438213215,
      74.66301680061586,
      64.28609153692794,
      96.17197579149617,
      37.56640134853898,
      4.02427437369784,
      35.795685303911206,
      56.85099461101636,
      52.18002463869039,
      54.38944382372589,
      31.516050056282282,
      25.15022675532505,
      62.47722716863556,
      75.4507256230073,
      55.03242422621607,
      15.499411830942996,
      65.29218141356591,
      34.99778929877579,
      85.03835373047002,
      37.457150101858815,
      58.88052548374794,
      26.556520660991254,
      19.235774922239965,
      36.73424564788407,
      52.06419950670527,
      25.702861439682504,
      18.948983564564234,
      77.48724836229995,
      36.13528778669491,
      17.73073406956952,
      37.87937918761406,
      57.98625129258466,
      41.16957596113477,
      25.621711150699895
    ],
    [
      81.54860388846416,
      62.78748508478546,
      75.10298686847028,
      89.13538274245809,
      11.946255129699608,
      68.71571456403947,
      59.97020132504972,
      87.09215854766953,
      86.40044174849636,
      56.74028261230034,
      19.953852616825483,
      64.2392629801761,
      0.0,
      58.45655754617775,
      108.0448440647748,
      69.14286693346924,
      107.22658326054979,
      57.89583140577813,
      67.14797196477869,
      93.94734086765165,
      86.94706662808233,
      74.48367598194255,
      10.082684292716545,
      38.38399001524769,
      45.486084269416196,
      97.71516123736107,
      60.485661838302555,
      26.38123723586878,
      52.93175060081282,
      10.174714491974491,
      76.22734042053378,
      16.899139991874033,
      102.96148273452667,
      44.57550435821634,
      67.49344737344809,
      73.06054882132221,
      66.66106912903328,
      89.09623200451026,
      73.62581203816443,
      44.23362669958441,
      32.34012148918731,
      16.040730416500395,
      45.54826548118729,
      37.09030014100478,
      78.61071995699892,
      35.21033950520926,
      68.4792170418798,
      77.09290469948692,
      6.386097654794052,
      12.58927477179166,
      91.42919434679239,
      84.85591142983502,
      101.46226520376939,
      62.21960131239733,
      92.4339799886696,
      60.98598238354536,
      45.72538768680756,
      55.89888516350565,
      91.06081993588464,
      60.73229461547718,
      87.99615367064818,
      24.650663434244553,
      40.8583241552676,
      87.85743746488345,
      12.819527702363976,
      47.37333547737761,
      80.74987438987827,
      34.481547149261466,
      25.358729693953936,
      65.8951989951413,
      29.422905385671076,
      60.36724741747981,
      86.33975145228241,
      20.147055899834555,
      50.33925063326665,
      84.5528356176128,
      63.82199260782502,
      79.9411686188458,
      6.2221027646858875,
      20.487825388136223,
      19.685796801717466,
      52.42663272344891,
      43.66261555658758,
      53.692949898968266,
      56.198275346969645,
      33.70217715909162,
      31.525705097197374,
      52.16651662932553,
      78.40851518908867,
      91.79544252710943,
      93.89403220256918,
      78.93355927581771,
      45.30969083454806,
      114.7469994305531,
      75.43275505084951,
      47.16791648370736,
      62.294521699883866,
      87.6234729665439,
      50.186329449079004,
      48.66659174458557
    ],
    [
      23.107248263726472,
      23.097902384845327,
      16.70009549667369,
      34.66007741923617,
      52.13006519912848,
      23.198615661784785,
      37.15727902145954,
      30.25178878575722,
      38.277581919392105,
      21.943236099640302,
      41.62458504014135,
      21.41641219075624,
      58.45655754617775,
      0.0,
      57.05376607660234,
      56.6963022790414,
      53.61782504977072,
      9.152509410021565,
      13.528136953701416,
      36.32410805898302,
      53.12710686040498,
      17.714345139971684,
      50.220234628927535,
      27.306184604726067,
      20.7486512139555,
      44.78873234379393,
      69.1056244037594,
      47.054030033862475,
      64.18147515384376,
      48.34644202111162,
      36.42842996709692,
      47.60425117613039,
      54.438013548734034,
      16.164688188954113,
      73.4065338972348,
      82.16481187834123,
      20.151735733295432,
      46.238515952628994,
      70.34333158151432,
