{
  "n": 8,
  "points": [
    [
      43.21112056009026,
      17.421526319883064
    ],
    [
      17.094368527750202,
      82.76322476206413
    ],
    [
      58.71712601257249,
      45.935374564471196
    ],
    [
      82.268475801786,
      82.15481108679936
    ],
    [
      30.712025149713917,
      20.089437575483526
    ],
    [
      40.323245786356395,
      94.7889332352369
    ],
    [
      67.7544430493336,
      60.8975104116187
    ],
    [
      67.2363368051698,
      0.7982611106041149
    ]
  ],
  "distances": [
    [
      0.0,
      70.36776458029391,
      32.45729111937425,
      75.60340703427785,
      12.780654777649326,
      77.42128566172683,
      49.92530291901941,
      29.21547469819475
    ],
    [
      70.36776458029391,
      0.0,
      55.5764742567993,
      65.17694704546825,
      64.13613780219781,
      26.15718644994395,
      55.177464735049746,
      96.08575466279542
    ],
    [
      32.45729111937425,
      55.5764742567993,
      0.0,
      43.20316723214683,
      38.10902954914495,
      52.20158067122422,
      17.47966270645486,
      45.93403926801969
    ],
    [
      75.60340703427785,
      65.17694704546825,
      43.20316723214683,
      0.0,
      80.68567526481196,
      43.80665889461254,
      25.739657704295468,
      82.73362935857911
    ],
    [
      12.780654777649326,
      64.13613780219781,
      38.10902954914495,
      80.68567526481196,
      0.0,
      75.31527211626958,
      55.11297063713204,
      41.3058692113359
    ],
    [
      77.42128566172683,
      26.15718644994395,
      52.20158067122422,
      43.80665889461254,
      75.31527211626958,
      0.0,
      43.601595432846686,
      97.76789306631885
    ],
    [
      49.92530291901941,
      55.177464735049746,
      17.47966270645486,
      25.739657704295468,
      55.11297063713204,
      43.601595432846686,
      0.0,
      60.10148251603901
    ],
    [
      29.21547469819475,
      96.08575466279542,
      45.93403926801969,
      82.73362935857911,
      41.3058692113359,
      97.76789306631885,
      60.10148251603901,
      0.0
    ]
  ]
}