{
  "n": 10,
  "points": [
    [
      54.340494179096545,
      27.836938509379618
    ],
    [
      42.45175907491331,
      84.47761323199036
    ],
    [
      0.47188561909725646,
      12.156912078311422
    ],
    [
      67.07490847267786,
      82.58527551050476
    ],
    [
      13.670658968495298,
      57.509332942725
    ],
    [
      89.1321954312264,
      20.920212211718958
    ],
    [
      18.532821955007506,
      10.837689046425513
    ],
    [
      21.969749262499217,
      97.86237847073697
    ],
    [
      81.16831490893233,
      17.19410127325942
    ],
    [
      81.622474872584,
      27.407374704169918
    ]
  ],
  "distances": [
    [
      0.0,
      57.874934603937426,
      56.10427984627756,
      56.20983643268619,
      50.34368368986806,
      35.47257502203928,
      39.63790953634592,
      77.14549480194599,
      28.8617731531996,
      27.285362295974156
    ],
    [
      57.874934603937426,
      0.0,
      83.6217291780436,
      24.695757293850903,
      39.44160069135168,
      78.85814075203265,
      77.42708819916804,
      24.467624863320648,
      77.62758966468945,
      69.21962945382046
    ],
    [
      56.10427984627756,
      83.6217291780436,
      0.0,
      96.93357018583237,
      47.23398878129685,
      89.09234515496213,
      18.10905217667842,
      88.36054046220795,
      80.853490803521,
      82.57114960136394
    ],
    [
      56.20983643268619,
      24.695757293850903,
      96.93357018583237,
      0.0,
      58.99844710471262,
      65.49125086311159,
      86.62592179543904,
      47.62210896456706,
      66.89267353831238,
      57.06340706226193
    ],
    [
      50.34368368986806,
      39.44160069135168,
      47.23398878129685,
      58.99844710471262,
      0.0,
      83.8642190757431,
      46.924225863517435,
      41.197611376071755,
      78.62093526546408,
      74.32077216000164
    ],
    [
      35.47257502203928,
      78.85814075203265,
      89.09234515496213,
      65.49125086311159,
      83.8642190757431,
      0.0,
      71.31569819200622,
      102.1317341671899,
      8.792456749912551,
      9.92366767240616
    ],
    [
      39.63790953634592,
      77.42708819916804,
      18.10905217667842,
      86.62592179543904,
      46.924225863517435,
      71.31569819200622,
      0.0,
      87.09253147494823,
      62.957199381632364,
      65.22927861058045
    ],
    [
      77.14549480194599,
      24.467624863320648,
      88.36054046220795,
      47.62210896456706,
      41.197611376071755,
      102.1317341671899,
      87.09253147494823,
      0.0,
      100.0591880868725,
      92.31660321122654
    ],
    [
      28.8617731531996,
      77.62758966468945,
      80.853490803521,
      66.89267353831238,
      78.62093526546408,
      8.792456749912551,
      62.957199381632364,
      100.0591880868725,
      0.0,
      10.223366150496927
    ],
    [
      27.285362295974156,
      69.21962945382046,
      82.57114960136394,
      57.06340706226193,
      74.32077216000164,
      9.92366767240616,
      65.22927861058045,
      92.31660321122654,
      10.223366150496927,
      0.0
    ]
  ]
}