{
  "n": 75,
  "points": [
    [
      65.35895854646095,
      11.500694312440574
    ],
    [
      95.02828643490245,
      48.21914014279982
    ],
    [
      87.24745351820353,
      21.233268092271995
    ],
    [
      4.070962476908912,
      39.71944613457058
    ],
    [
      23.313219734837997,
      84.17407242530615
    ],
    [
      20.708234438674687,
      74.24695335824086
    ],
    [
      39.21541278088413,
      18.225651995238433
    ],
    [
      74.353941459214,
      6.958208096995455
    ],
    [
      88.53372043807506,
      95.26443992215418
    ],
    [
      93.11434346775108,
      41.543095304490784
    ],
    [
      2.898165938687125,
      98.20274845981977
    ],
    [
      33.96376836352886,
      70.66871938888039
    ],
    [
      36.18770676075618,
      3.510589795136143
    ],
    [
      85.5058253240408,
      65.72535081404925
    ],
    [
      76.56829941452386,
      55.40872380043942
    ],
    [
      88.50929366105996,
      90.41976153973623
    ],
    [
      1.0421700558954194,
      7.455673614242797
    ],
    [
      24.46292097597853,
      13.330475245148477
    ],
    [
      69.79251004097192,
      39.82048835259351
    ],
    [
      88.31221914041427,
      18.1007510273703
    ],
    [
      43.24991717920135,
      1.8143202754672627
    ],
    [
      69.14378616888425,
      46.96906520358368
    ],
    [
      12.822218965364772,
      89.13370512894592
    ],
    [
      91.82036244711152,
      7.312099367876845
    ],
    [
      4.54479432300452,
      43.85728957416531
    ],
    [
      60.17209299004595,
      31.022703396560015
    ],
    [
      68.19082419851493,
      20.901315084151516
    ],
    [
      51.960429722353474,
      56.598883056907034
    ],
    [
      44.1167392587577,
      13.755615720926729
    ],
    [
      21.35431911374628,
      13.337189210614298
    ],
    [
      32.22967014983108,
      23.388711517462912
    ],
    [
      52.749815601982064,
      56.59711619765536
    ],
    [
      43.82252847860598,
      32.18726240801089
    ],
    [
      55.9640810692266,
      86.53455811845066
    ],
    [
      84.72828773752214,
      10.781716598511137
    ],
    [
      31.63194839742879,
      40.94786588012881
    ],
    [
      68.70890139224495,
      70.22352874732766
    ],
    [
      44.619794415216376,
      42.03220780992133
    ],
    [
      80.26305910699382,
      53.861756531867485
    ],
    [
      92.35004894140457,
      6.190753722469145
    ],
    [
      36.75834533388069,
      97.03987724504175
    ],
    [
      69.91039483608942,
      89.09755799272392
    ],
    [
      25.355271839494954,
      72.55271058211085
    ],
    [
      20.349443490120077,
      53.75118237365566
    ],
    [
      23.694300372696752,
      43.64921597693634
    ],
    [
      79.8024513521925,
      30.840916484027524
    ],
    [
      62.15166285021906,
      43.96481176453596
    ],
    [
      91.33237054420863,
      65.86859031511709
    ],
    [
      65.36314481152222,
      35.84577833796985
    ],
    [
      52.29415672031045,
      4.508731232445751
    ],
    [
      9.430966190368961,
      92.16121930580363
    ],
    [
      7.30445013985126,
      92.94173545410587
    ],
    [
      71.70151371222514,
      62.23105457393452
    ],
    [
      75.49897141156995,
      14.16699089686273
    ],
    [
      79.38221976974498,
      72.54031498883766
    ],
    [
      54.14392806173846,
      48.25844931634287
    ],
    [
      47.64776103724863,
      44.60328304400104
    ],
    [
      81.60700624071426,
      27.435149335369392
    ],
    [
      6.196200767784122,
      96.02963416635683
    ],
    [
      45.8118129915735,
      75.78920644633034
    ],
    [
      68.11586028027742,
      54.17779257734663
    ],
    [
      13.28324895589963,
      25.32056348255165
    ],
    [
      44.38555930724907,
      55.874990666998194
    ],
    [
      81.38643546418699,
      31.78283362648987
    ],
    [
      39.70450931740043,
      89.01682482934036
    ],
    [
      82.54162078009138,
      10.668708302947216
    ],
    [
      15.977587556820993,
      65.12193086384681
    ],
    [
      56.9064213493688,
      98.40836732251081
    ],
    [
      74.91590126592106,
      80.23996308544096
    ],
    [
      22.830988000756204,
      51.871344595313786
    ],
    [
      63.01084031070082,
      0.21853614451678993
    ],
    [
      51.32147656659758,
      44.9190168842061
    ],
    [
      34.935635039254784,
      27.368125937895414
    ],
    [
      90.20828655740287,
      3.097445999927839
    ],
    [
      32.41690898189747,
      28.659274764898825
    ]
  ],
  "distances": [
    [
      0.0,
      47.20713168101701,
      23.954732403177914,
      67.47233815883656,
      83.95989541769777,
      77.01155879212106,
      26.99462985544036,
      10.076899256131728,
      86.91049802700377,
      40.90118885186737,
      106.85783455866213,
      66.98143890712326,
      30.245722027130263,
      57.84643129589762,
      45.31627054618906,
      82.24449639911869,
      64.44386296761695,
      40.936951367047484,
      28.664736407843733,
      23.883318876031847,
      24.137844811899576,
      35.669738628186586,
      93.73896401309092,
      26.79086082982385,
      68.88622378334145,
      20.19931714144729,
      9.817898653215275,
      47.046436662960566,
      21.361567143478062,
      44.04294500955,
      35.19765194915681,
      46.82603712298939,
      29.862215584920612,
      75.61973578683752,
      19.38266860535004,
      44.77328586255185,
      58.81830838384576,
      36.909162078128396,
      44.9064784399382,
      27.508442881723482,
      90.19394044453668,
      77.73023109006574,
      72.99070927687421,
      61.732974875813774,
      52.625765419128776,
      24.13832384561038,
      32.62216528108728,
      60.25351646636561,
      24.345084385454403,
      14.818117102675236,
      98.1532506908866,
      100.01484454105568,
      51.125311327088525,
      10.48470306592787,
      62.62976247484023,
      38.43057977314627,
      37.54288078905457,
      22.75754623751145,
      103.17641969367506,
      67.19452129253729,
      42.76605223167516,
      53.87827310929209,
      49.08117411604453,
      25.850438903483724,
      81.65109463785214,
      17.202792859155807,
      72.89551982199126,
      87.31774741192949,
      69.40044830971792,
      58.63802250245468,
      11.523920868140262,
      36.246864469158744,
      34.312592435031895,
      26.23173049566366,
      37.142906626402294
    ],
    [
      47.20713168101701,
      0.0,
      28.085203421108496,
      91.3535964252799,
      80.22348750356288,
      78.74590268388498,
      63.361551407595115,
      46.150764386543585,
      47.49146890565152,
      6.944980371795226,
      104.81564865532447,
      65.0604255720416,
      73.8990412020287,
      19.928489096618435,
      19.810634365480183,
      42.701167584423,
      102.44535262974617,
      78.71905576600943,
      26.596649452470466,
      30.85810951455901,
      69.52989881841708,
      25.914668459680374,
      91.82504645689951,
      41.03263044544738,
      90.58856486967322,
      38.86735980527472,
      38.295077297538384,
      43.87550994711264,
      61.47942868509642,
      81.51444020340314,
      67.52937429769051,
      43.100575155626785,
      53.656786631161964,
      54.71821813162894,
      38.82847736907149,
      63.811966792793754,
      34.30602202067063,
      50.78675220360495,
      15.806677631905918,
      42.11363462310293,
      76.01875036543791,
      47.97867780882166,
      73.80007867974652,
      74.88346329340975,
      71.48021946248276,
      23.1047335301707,
      33.150741896359754,
      18.032273446689775,
      32.142195162876355,
      61.12941754649668,
      96.21750128855413,
      98.46614639407696,
      27.21161648415771,
      39.2548470070657,
      28.919179586947067,
      40.8843772704982,
      47.51829762856255,
      24.740756575623575,
      100.8810328195882,
      56.412496968127314,
      27.56418365132326,
      84.89167194436001,
      51.21813993278972,
      21.360062495351073,
      68.7398820942357,
      39.57210823969902,
      80.83759847541627,
      63.02567034547328,
      37.81324026196956,
      72.2896154267827,
      57.69900207556574,
      43.831222232400314,
      63.60732304642258,
      45.37840544953055,
      65.59552515350626
    ],
    [
      23.954732403177914,
      28.085203421108496,
      0.0,
      85.2060293673759,
      89.71694990109354,
      85.07595724523314,
      48.12611237133793,
      19.235903698138358,
      74.04234521606334,
      21.140233656946297,
      114.1888927313961,
      72.6843514696378,
      54.04804404378039,
      44.52615740986608,
      35.805112836451876,
      69.19799936488145,
      87.29932993109347,
      63.279946755115525,
      25.49823148375308,
      3.308532755186528,
      48.09239792538528,
      31.465441748836263,
      100.74514821080162,
      14.653000877812167,
      85.74133300789302,
      28.790765729770964,
      19.05952029374337,
      49.95899088448151,
      43.77412246426705,
      66.36454794051737,
      55.0599893128246,
      49.403327566261645,
      44.785199632958054,
      72.40792685103276,
      10.750866237531323,
      59.00635368988572,
      52.380564658823396,
      47.43114181609899,
      33.36764934999398,
      15.884386000679958,
      91.0812386635637,
      70.0438109145958,
      80.40104060531895,
      74.38251471232314,
      67.3904889009141,
      12.154627302863359,
      33.860327626520984,
      44.82185334238819,
      26.314414742683375,
      38.74845919797701,
      105.29093010982551,
      107.39175052365259,
      43.84626256418093,
      13.709817840228597,
      51.906405800867006,
      42.73410602599174,
      45.981444555714376,
      8.383196075699258,
      110.28962757349794,
      68.50739168545186,
      38.09671315703157,
      74.07705137315968,
      55.11071509511872,
      12.068341459797429,
      82.79457776453748,
      11.565240390986522,
      83.69951322457288,
      82.92511184356324,
      60.28148335075742,
      71.33142898867736,
      32.07853454580022,
      43.03127369439498,
      52.67032213078339,
      18.375923793136845,
      55.33113218839589
    ],
    [
      67.47233815883656,
      91.3535964252799,
      85.2060293673759,
      0.0,
      48.440461011733596,
      38.326851858851654,
      41.19606259914378,
      77.54350941492007,
      101.0900777389613,
      89.06205361754928,
      58.495060497332275,
      43.02833204697896,
      48.40006757024041,
      85.48651335227862,
      74.17558423580363,
      98.49037392226538,
      32.40562606667316,
      33.349808935442866,
      65.72162523663896,
      86.97101415060463,
      54.51411796918983,
      65.47541034535564,
      50.18319920142542,
      93.54246800030096,
      4.164884746181037,
      56.77120906853381,
      66.824237544686,
      50.77712539980619,
      47.72614302256277,
      31.53946570628218,
      32.55158538295001,
      51.521708903439844,
      40.45887778075325,
      69.88955907215026,
      85.69128490633386,
      27.588348264844928,
      71.47420655921003,
      40.61473424913765,
      77.49348703124468,
      94.43182896603881,
      65.98558040002773,
      82.29841301055208,
      39.128571138292024,
      21.49136026362058,
      20.012957832020497,
      76.25015866227935,
      58.23564960731804,
      91.095175938481,
      61.41446830786623,
      59.70988952389337,
      52.71498091767997,
      53.32042313109228,
      71.27877646901618,
      75.86098093911706,
      82.15226659914352,
      50.79583110647803,
      43.84962070219469,
      78.5031338889958,
      56.350278739045514,
      55.16635034724859,
      65.65662736162473,
      17.093684324849544,
      43.431190827930614,
      77.72176131142389,
      60.82747082206398,
      83.67550169013946,
      28.054481838285724,
      78.96819096615839,
      81.6144450816438,
      22.351894636822507,
      70.95231560072332,
      47.535740424656616,
      33.24429459293162,
      93.59919600941996,
      30.427291598007535
    ],
    [
      83.95989541769777,
      80.22348750356288,
      89.71694990109354,
      48.440461011733596,
      0.0,
      10.263217885483982,
      67.83858710862638,
      92.56049361424814,
      66.15670762058893,
      81.78995711365134,
      24.770510143738885,
      17.199672866964747,
      81.68445290389276,
      64.87122258030749,
      60.52725661385796,
      65.49455464317249,
      79.88562054547299,
      70.85292565849575,
      64.24612710083825,
      92.68524005623027,
      84.73842504537699,
      59.03095274543642,
      11.604268770590455,
      102.9611164706405,
      44.471302790739124,
      64.68109899556003,
      77.57216771465698,
      39.762466080109746,
      73.42714395377685,
      70.86396344557087,
      61.43584612178616,
      40.336109021909024,
      55.886135677120755,
      32.736075491497346,
      95.6987380877157,
      44.01938412617948,
      47.490899992017624,
      47.2218898168208,
      64.51449991542958,
      104.15124474918622,
      18.609146569189168,
      46.85656237443435,
      11.79940794652891,
      30.566913627704853,
      40.52664817886536,
      77.68821539574627,
      55.90357150050838,
      70.43930402917364,
      64.06106624422374,
      84.77299862533343,
      16.01597573560736,
      18.252468844842696,
      53.131186947664304,
      87.31749047124325,
      57.263226218970445,
      47.333545813128204,
      46.45446450728216,
      81.3478391759636,
      20.821783845635,
      24.010261889813073,
      53.91709751610294,
      59.70205883134385,
      35.28287861581591,
      78.2134277986977,
      17.091712173629617,
      94.39831590202202,
      20.415572427170506,
      36.48449459613085,
      51.75242948400003,
      32.30632713113514,
      92.86782624558468,
      48.22262784511704,
      57.98272237347013,
      105.11122355731462,
      56.25628780130264
    ],
    [
      77.01155879212106,
      78.74590268388498,
      85.07595724523314,
      38.326851858851654,
      10.263217885483982,
      0.0,
      58.99916827036363,
      86.05601153066715,
      71.00726225196358,
      79.4492728496009,
      29.850940670656957,
      13.730001382827497,
      72.41026994495888,
      65.35553147567889,
      58.95104538495069,
      69.7032521203483,
      69.62635376169446,
      61.032081536649834,
      59.95371218020893,
      87.87886426059508,
      75.8591708106427,
      55.58854066790918,
      16.84650166437749,
      97.65863724525167,
      34.42075625668339,
      58.529752404332825,
      71.4167589097354,
      35.890863676011136,
      64.86262426901479,
      60.9131906398512,
      52.146948558677586,
      36.581138244182604,
      47.99258475841096,
      37.33577309203774,
      90.14656677520125,
      35.04506746359091,
      48.168993902585036,
      40.11922894641325,
      62.947068167820305,
      98.81394584828384,
      27.87693381736788,
      51.3944845852418,
      4.946252641049697,
      20.498911171019042,
      30.743098780337792,
      73.322646636271,
      51.32802215168626,
      71.11937547486878,
      58.895766090140405,
      76.5577567046493,
      21.16831839292511,
      23.003397817306475,
      52.38984972936078,
      81.31191024317162,
      58.69880040643566,
      42.34793915164155,
      40.05602680065281,
      76.81149264838312,
      26.17411516084785,
      25.150908547193332,
      51.480619677571696,
      49.486584401101716,
      29.969062815851004,
      74.06109332358633,
      24.062575974756026,
      88.6879975574929,
      10.278378055120827,
      43.52105996381942,
      54.53794374968736,
      22.47607506209455,
      85.26263553710487,
      42.39455686061421,
      48.990237682174175,
      99.46109612223552,
      47.0672869314662
    ],
    [
      26.99462985544036,
      63.361551407595115,
      48.12611237133793,
      41.19606259914378,
      67.83858710862638,
      58.99916827036363,
      0.0,
      36.90083318406054,
      91.47278456140732,
      58.726466705122704,
      87.83665736525961,
      52.70536108158648,
      15.023317186866496,
      66.32513611967468,
      52.7050184397679,
      87.41782509964379,
      39.66344531767276,
      15.54344781148726,
      37.43388617487921,
      49.096965231641086,
      16.89997143655599,
      41.49567852821821,
      75.66077371396787,
      53.72509990997233,
      43.11650066076002,
      24.554978516731413,
      29.098687939258383,
      40.434395246504536,
      6.633568084851996,
      18.5179841068872,
      8.686643985875376,
      40.68844215205477,
      14.702111425582087,
      70.33224399365308,
      46.11761009646116,
      23.954288465446865,
      59.779972040759034,
      24.41228052860117,
      54.358451187087184,
      54.48053171864966,
      78.85251601671223,
      77.2334706140142,
      56.067216817108374,
      40.22422287562431,
      29.786952444301434,
      42.50238344035517,
      34.475729330537604,
      70.6118039583745,
      31.530504954406844,
      18.952769144529082,
      79.70935561299167,
      81.24532395227334,
      54.69755213749869,
      36.50985287313391,
      67.55334928623938,
      33.53847765509399,
      27.692669009347192,
      43.38043380743664,
      84.52057739775418,
      57.94027353045035,
      46.12799885211648,
      26.885216935309334,
      38.00267250503507,
      44.29664014277365,
      70.7928623990422,
      43.980310339503404,
      52.33791639783141,
      82.11114188357509,
      71.55626917372558,
      37.42301438840056,
      29.84088793229968,
      29.31027992836873,
      10.094618730289316,
      53.189621098711775,
      12.453117601806056
    ],
    [
      10.076899256131728,
      46.150764386543585,
      19.235903698138358,
      77.54350941492007,
      92.56049361424814,
      86.05601153066715,
      36.90083318406054,
      0.0,
      89.4374457989942,
      39.34548394259621,
      115.89432255836782,
      75.4347090653421,
      38.32163283333685,
      59.81589735898938,
      48.50109125662962,
      84.65343997165019,
      73.31345918883714,
      50.296319084661164,
      33.177343476848705,
      17.860284957993812,
      31.526495338557417,
      40.34866050506724,
      102.65946223075674,
      17.470005757242127,
      78.96112485105415,
      27.93250364763619,
      15.244482504316338,
      54.457928517200344,
      30.99182387851929,
      53.382125930034924,
      45.215215093997884,
      54.1364890945181,
      39.60646866385093,
      81.6736337375801,
      11.056503876154009,
      54.59363999025657,
      63.5166692636432,
      45.98157192067706,
      47.27431149321679,
      18.012464315787966,
      97.61217119046812,
      82.25945482365411,
      81.87495576042889,
      71.4567578508153,
      62.55101353503899,
      24.496326662458937,
      38.96645118891323,
      61.308239146784935,
      30.254357352080294,
      22.195360768339096,
      107.119306554922,
      109.03577973746165,
      55.33645209639187,
      7.299153584317469,
      65.77458724417185,
      45.979936562618526,
      46.15595021767219,
      21.7235372627125,
      112.15701742730994,
      74.51415591167518,
      47.62985214434351,
      63.771510709248865,
      57.36685058295543,
      25.801511672954494,
      89.07412490603554,
      8.98921044585625,
      82.40641565458711,
      93.09966477037158,
      73.28390964605336,
      68.35060031337677,
      13.194283674850581,
      44.40177296920447,
      44.38882322488494,
      16.317651254473464,
      47.21918029284591
    ],
    [
      86.91049802700377,
      47.49146890565152,
      74.04234521606334,
      101.0900777389613,
      66.15670762058893,
      71.00726225196358,
      91.47278456140732,
      89.4374457989942,
      0.0,
      53.91627745745946,
      85.68594897344698,
      59.85673845081418,
      105.63557242253835,
      29.693870312880332,
      41.6130917842637,
      4.844739961701059,
      123.95624562237624,
      104.01077786174378,
      58.52576127481194,
      77.16400680806991,
      103.84386211793397,
      52.0424131855036,
      75.95931387497433,
      88.0137274785652,
      98.47250792410799,
      70.2238038226687,
      77.09544579990363,
      53.222465946969685,
      92.82540945102497,
      105.9487912693993,
      91.30315664075395,
      52.68443574086895,
      77.31636960946393,
      33.71931560579896,
      84.56838569002993,
      78.66448930126286,
      31.938545406224435,
      69.00799543815006,
      42.22068250004688,
      89.15540329360462,
      51.805807057390126,
      19.617815607480548,
      67.1367188425143,
      79.82760284014168,
      82.87509720856785,
      65.01250212099934,
      57.685915193215465,
      29.528772689295845,
      63.77658598044919,
      97.7236135139565,
      79.16360090197217,
      81.26247171497921,
      37.074623812329115,
      82.13830361404916,
      24.49766965381449,
      58.242776140231854,
      65.10157058288894,
      68.18205065175447,
      82.34107521575675,
      46.951529206249454,
      45.880296462206545,
      102.73645560212833,
      59.165774260613574,
      63.8826895205242,
      49.227274482906026,
      84.80768282708884,
      78.5682077625062,
      31.78317679441741,
      20.277571433049303,
      78.73887078041042,
      98.41311515699633,
      62.60521316008969,
      86.50239425049624,
      92.18220511762401,
      87.09388356040536
    ],
    [
      40.90118885186737,
      6.944980371795226,
      21.140233656946297,
      89.06205361754928,
      81.78995711365134,
      79.4492728496009,
      58.726466705122704,
      39.34548394259621,
      53.91627745745946,
      0.0,
      106.53297603858519,
      65.93248450851378,
      68.46249661010962,
      25.350957178630146,
      21.587663778162717,
      49.09312564905282,
      98.17961822227467,
      74.22243421470802,
      23.385364848493573,
      23.929143387556596,
      63.75607088264594,
      24.57699669536781,
      93.33644197509476,
      34.25544438033545,
      88.5997772616922,
      34.58136076605893,
      32.36147251638552,
      43.82147146558903,
      56.3285827961982,
      77.10430749227919,
      63.53365325334708,
      43.080374358613454,
      50.17185101340158,
      58.34701125524045,
      31.88398266533219,
      61.48527629970299,
      37.6589015422633,
      48.49701556644144,
      17.80182361882957,
      35.360602391007696,
      79.09419277938089,
      52.913610287593784,
      74.51770277987072,
      73.78189519552174,
      69.45198433166688,
      17.08048896259832,
      31.05724233791769,
      24.390677215121432,
      28.329992013314904,
      55.11652899373026,
      97.80134002129499,
      100.02578668610995,
      29.774165594912994,
      32.553838870631516,
      33.9027852752101,
      39.54477533659389,
      45.569451027094054,
      18.20584932169868,
      102.58433821767073,
      58.39799241231617,
      28.009993517512896,
      81.46271656208125,
      50.792692687459024,
      15.25799902225439,
      71.45883695503684,
      32.634494599292275,
      80.66003098683734,
      67.41418831235936,
      42.762493784035655,
      71.0381783910127,
      51.12670625116316,
      41.92899438729624,
      59.880646881541814,
      38.55532540668829,
      62.049749273151
    ],
    [
      106.85783455866213,
      104.81564865532447,
      114.1888927313961,
      58.495060497332275,
      24.770510143738885,
      29.850940670656957,
      87.83665736525961,
      115.89432255836782,
      85.68594897344698,
      106.53297603858519,
      0.0,
      41.51137688511027,
      100.3732954561213,
      88.76264274438944,
      85.19751823201926,
      85.96417902414136,
      90.76605265045787,
      87.56906657287261,
      88.78818371890883,
      117.09778169126697,
      104.49398507103852,
      83.74588049381192,
      13.443748562569047,
      127.15450099873598,
      54.37039899180803,
      88.28058209247368,
      101.18617901950611,
      64.32718977261278,
      93.96961750673594,
      86.84925294268024,
      80.35842994297919,
      64.9323926102092,
      77.6714094629117,
      54.33358090982075,
      119.74391694490419,
      64.06053257350027,
      71.51146507140012,
      69.97016449627247,
      89.17090478456657,
      128.3271076128426,
      33.880141943871045,
      67.62797731146432,
      34.091729914570195,
      47.75446382998937,
      58.3829351245586,
      102.23446347537,
      80.32889065091426,
      94.16000386118239,
      88.26247961824446,
      105.91757535698066,
      8.89817698448403,
      6.862477563367294,
      77.63931623775579,
      111.05352540325526,
      80.6744754063188,
      71.55809634489637,
      69.82427195715503,
      105.84486112952732,
      3.9496151035752596,
      48.41433639915102,
      78.68636727976966,
      73.61835937003163,
      59.26924065892497,
      102.82029731319739,
      37.93531475889917,
      118.34393979101665,
      35.57262659240869,
      54.00864682272756,
      74.22409218083786,
      50.43725190188367,
      114.95407553978296,
      71.99981293579279,
      77.74280143005744,
      129.1049019923032,
      75.5489968458036
    ],
    [
      66.98143890712326,
      65.0604255720416,
      72.6843514696378,
      43.02833204697896,
      17.199672866964747,
      13.730001382827497,
      52.70536108158648,
      75.4347090653421,
      59.85673845081418,
      65.93248450851378,
      41.51137688511027,
      0.0,
      67.19494231357602,
      51.77857209876771,
      45.25498349833348,
      58.0113609220512,
      71.27216000119262,
      58.120051123237396,
      47.279087218949975,
      75.61180727574407,
      69.4777722519656,
      42.418242081535794,
      28.069927134494584,
      85.798873998662,
      39.80362800432189,
      47.525602192841546,
      60.401042063540594,
      22.84382004991128,
      57.81162674686299,
      58.701810559507265,
      47.31179811565028,
      23.471804089517487,
      39.72427069660494,
      27.124501797106202,
      78.50789470165554,
      29.8121874011783,
      34.747985033531144,
      30.554879915098656,
      49.255439535394586,
      86.9848596952213,
      26.518816472795347,
      40.395322093582884,
      8.812243483953091,
      21.71526883140561,
      28.905285631572323,
      60.72428461795996,
      38.828547204374004,
      57.56906943220364,
      46.88878399743366,
      68.65236463640568,
      32.615731405969484,
      34.7391204953882,
      38.669517860097805,
      70.1257329004673,
      45.45699724166341,
      30.157238768980722,
      29.439066346325827,
      64.33521349147694,
      37.60603420376411,
      12.907189826358405,
      37.92513743407406,
      49.84113890225652,
      18.096080679839236,
      61.32716744205237,
      19.225219893506946,
      77.199799712936,
      18.822049913679184,
      35.99796374116787,
      42.055747468736605,
      21.846741123919365,
      76.20341664170049,
      31.053779369701665,
      43.31149868156111,
      87.91656734805785,
      42.03791397728858
    ],
    [
      30.245722027130263,
      73.8990412020287,
      54.04804404378039,
      48.40006757024041,
      81.68445290389276,
      72.41026994495888,
      15.023317186866496,
      38.32163283333685,
      105.63557242253835,
      68.46249661010962,
      100.3732954561213,
      67.19494231357602,
      0.0,
      79.39114123920042,
      65.75719410301761,
      101.4433466970527,
      35.36626127557862,
      15.293814172739511,
      49.47415018729319,
      54.12797424252748,
      7.26306727751803,
      54.541197775456695,
      88.75395145785609,
      55.762387446631124,
      51.27504354559176,
      36.49886542912529,
      36.42302639557807,
      55.38181715212212,
      12.954926189464972,
      17.79301675261229,
      20.268344210148562,
      55.610095618996944,
      29.675613806783367,
      85.34684702400823,
      49.082148348994785,
      37.71345350042861,
      74.21754727756777,
      39.43368048622298,
      66.91693863436309,
      56.22625683694064,
      93.53102821667368,
      91.99102573773773,
      69.88673757649991,
      52.677962432793194,
      42.0380127377532,
      51.47030894309604,
      48.06944030218188,
      83.24334311306795,
      43.551929963604266,
      16.1373485005592,
      92.6005252608679,
      93.9796378313138,
      68.62451069424324,
      40.73001857214406,
      81.43014745413184,
      48.21614683007655,
      42.660781550101255,
      51.33514697012453,
      97.25874769443817,
      72.91654027552558,
      59.887999005975765,
      31.627347969442692,
      53.00221943506806,
      53.312708125416584,
      85.57852610291319,
      46.903347486973544,
      64.84139315685825,
      97.13317308643575,
      85.94922789154552,
      50.17135179439199,
      27.024398433207022,
      44.08728640466568,
      23.890368653473065,
      54.022159614008324,
      25.42981068740806
    ],
    [
      57.84643129589762,
      19.928489096618435,
      44.52615740986608,
      85.48651335227862,
      64.87122258030749,
      65.35553147567889,
      66.32513611967468,
      59.81589735898938,
      29.693870312880332,
      25.350957178630146,
      88.76264274438944,
      51.77857209876771,
      79.39114123920042,
      0.0,
      13.649621325195458,
      24.876389270559358,
      102.61317820935938,
      80.44537996135809,
      30.29802264723005,
      47.70721487462793,
      76.61711034520076,
      24.89004972305668,
      76.36005294022989,
      58.75356434798148,
      83.86239111271554,
      42.96593687740404,
      48.052090933611936,
      34.7647232089637,
      66.43726221758948,
      82.82472592913949,
      68.04953884543033,
      34.00412975101022,
      53.500472987029575,
      36.13499359698851,
      54.94913562112965,
      59.29855288920964,
      17.388796918992664,
      47.25497380055778,
      12.970407352848444,
      59.92671898061213,
      57.938902051975305,
      28.097642614771352,
      60.536781595157144,
      66.2475267729037,
      65.63551131938425,
      35.34759161793565,
      31.92080770561823,
      5.828305650643825,
      36.034933461610244,
      69.64545530357863,
      80.53719224756563,
      82.80209341299219,
      14.239702429818845,
      52.520487455617534,
      9.162002056769698,
      35.89792818286014,
      43.35175634764292,
      38.488184154652046,
      84.9020973636773,
      40.949918256786084,
      20.874793063725228,
      82.75655488573418,
      42.28363598743997,
      34.19157565607689,
      51.38339527264729,
      55.13637994259016,
      69.5308561909844,
      43.42931585690541,
      17.96720515120752,
      64.18776146438626,
      69.261584727025,
      40.018411157499145,
      63.471417548683284,
      62.804200520808514,
      64.74818168925283
    ],
    [
      45.31627054618906,
      19.810634365480183,
      35.805112836451876,
      74.17558423580363,
      60.52725661385796,
      58.95104538495069,
      52.7050184397679,
      48.50109125662962,
      41.6130917842637,
      21.587663778162717,
      85.19751823201926,
      45.25498349833348,
      65.75719410301761,
      13.649621325195458,
      0.0,
      36.991351789009734,
      89.46335136834618,
      66.97424477890638,
      16.997188179584857,
      39.112715106014114,
      63.10685132358137,
      11.240606485691021,
      72.11752310110751,
      50.45701842714254,
      72.94395738066348,
      29.385601512518228,
      35.50976411225208,
      24.636633898375678,
      52.802321627243586,
      69.4161194780975,
      54.69182051892072,
      23.848112034667995,
      40.143763941459866,
      37.3276221532121,
      45.36689521261541,
      47.20584767296306,
      16.77046758104693,
      34.63579292776999,
      4.005540776865666,
      51.68628635068664,
      57.60195639933546,
      34.34043160198741,
      54.0063929194572,
      56.24328586622917,
      54.165909933519664,
      24.779767857917225,
      18.4065893775231,
      18.093827782624285,
      22.544718335892505,
      56.39187217109257,
      76.53866629569025,
      78.77948832112853,
      8.38032220472922,
      41.25559350279501,
      17.361151010573355,
      23.53675542137329,
      30.873209907172743,
      28.423747726735748,
      81.25448065739123,
      36.8961451911252,
      8.541599322967892,
      70.07349715024598,
      32.186117591335005,
      24.112177867305746,
      49.88430088809092,
      45.137008705187675,
      61.36432803249623,
      47.28169616325373,
      24.88615808176324,
      53.85361352426687,
      56.830990760744164,
      27.339276053016576,
      50.195157848867325,
      54.06032773097292,
      51.622459267640444
    ],
    [
      82.24449639911869,
      42.701167584423,
      69.19799936488145,
      98.49037392226538,
      65.49455464317249,
      69.7032521203483,
      87.41782509964379,
      84.65343997165019,
      4.844739961701059,
      49.09312564905282,
      85.96417902414136,
      58.0113609220512,
      101.4433466970527,
      24.876389270559358,
      36.991351789009734,
      0.0,
      120.55512264964163,
      100.22323041852752,
      53.95001794391079,
      72.31927903301016,
      99.4954038192842,
      47.570851290743725,
      75.69800008641892,
      83.173593695222,
      96.01094179641656,
      65.81039019739339,
      72.42689140711738,
      49.79629781982168,
      88.58944711696226,
      102.23264431347094,
      87.52461190804661,
      49.221048434525024,
      73.40252677938392,
      32.776297354527365,
      79.72775055057313,
      75.38236441233049,
      28.283269842861312,
      65.32720336893833,
      37.476500830200656,
      84.31652957163699,
      52.17266127689876,
      18.64583759773806,
      65.63278130752262,
      77.39735055791051,
      79.92788804423965,
      60.21169222969597,
      53.41148809551152,
      24.712947448427418,
      59.279539885795636,
      93.23219010672989,
      79.09750028106349,
      81.24399647807063,
      32.819272801393566,
      77.35472523220702,
      20.07431410494421,
      54.39259693353028,
      61.39067152358706,
      63.361683580595766,
      82.50403585609594,
      45.1345543664979,
      41.58572398464678,
      99.4829804020332,
      56.037890109957225,
      59.06796444771065,
      48.82494450836059,
      79.97401835590983,
      76.81685119358686,
      32.59692256489307,
      16.98259736843255,
      76.155238055759,
      93.73597060925769,
      58.764372747940925,
      82.73841701527193,
      87.33884226445691,
      83.43088963723213
    ],
    [
      64.44386296761695,
      102.44535262974617,
      87.29932993109347,
      32.40562606667316,
      79.88562054547299,
      69.62635376169446,
      39.66344531767276,
      73.31345918883714,
      123.95624562237624,
      98.17961822227467,
      90.76605265045787,
      71.27216000119262,
      35.36626127557862,
      102.61317820935938,
      89.46335136834618,
      120.55512264964163,
      0.0,
      24.146322035934705,
      75.98743633727467,
      87.91688768573309,
      42.58308096788974,
      78.73460631827338,
      82.52315059682542,
      90.77830592922994,
      36.569741881099276,
      63.65337916371139,
      68.48158166764594,
      70.76527539539723,
      43.532835682502245,
      21.146527494099658,
      35.02173409376934,
      71.33415722568374,
      49.41467950963173,
      96.28024866911238,
      83.75218716282146,
      45.359249131342764,
      92.29620884821671,
      55.628644256237365,
      91.81216582677864,
      91.31664015338832,
      96.44156114794191,
      106.80931452473894,
      69.48921600029497,
      50.160192770331236,
      42.69767577573096,
      82.15869700738115,
      71.1848809653896,
      107.53784980983707,
      70.3077935917361,
      51.336639999624126,
      85.11992346971923,
      85.71512655732828,
      89.40405586561864,
      74.75865868102751,
      101.84877972773187,
      66.96762806242285,
      59.598875803718435,
      83.00525452992588,
      88.72378779372838,
      81.69328392164252,
      81.74250008850221,
      21.656368639338694,
      64.98522644147367,
      83.94648115471827,
      90.26072160526816,
      81.56276148008025,
      59.5689845566001,
      106.73896694914355,
      103.70574215885195,
      49.47225905629375,
      62.389840935079455,
      62.70176035934112,
      39.30995708621349,
      89.27256286171344,
      37.8677559994105
    ],
    [
      40.936951367047484,
      78.71905576600943,
      63.279946755115525,
      33.349808935442866,
      70.85292565849575,
      61.032081536649834,
      15.54344781148726,
      50.296319084661164,
      104.01077786174378,
      74.22243421470802,
      87.56906657287261,
      58.120051123237396,
      15.293814172739511,
      80.44537996135809,
      66.97424477890638,
      100.22323041852752,
      24.146322035934705,
      0.0,
      52.502308894312236,
      64.02724738054471,
      22.035722171638074,
      55.927939786642874,
      76.69182227666616,
      67.62577740578833,
      36.45021484768205,
      39.85172396386203,
      44.37845351189409,
      51.26663731728087,
      19.65841594627221,
      3.1086091126428395,
      12.707891628403235,
      51.69284889513997,
      27.025410723267125,
      79.6941706559629,
      60.31923906633913,
      28.53270438732727,
      72.07306237283424,
      35.0726246389573,
      68.96694989763955,
      68.2615394407095,
      84.60757320311598,
      88.35227053303954,
      59.228957853149616,
      40.62947528328683,
      30.328481946730562,
      58.043769473046325,
      48.5685478272329,
      85.03985430763233,
      46.68797685870729,
      29.19590468682611,
      80.25114250796139,
      81.43933861158594,
      67.99081777999046,
      51.0429055060524,
      80.75849492451151,
      45.835854462887006,
      38.92974847453613,
      58.85905462997801,
      84.69252595973114,
      66.00657765370829,
      59.78363022719596,
      16.393513425048607,
      46.9781578029473,
      59.83958582345585,
      77.20576098031721,
      58.13966265976139,
      52.48195650257212,
      91.05398638612967,
      83.79965861020901,
      38.57540428177169,
      40.71688878113026,
      41.46345344151704,
      17.513805321023835,
      66.53696704065099,
      17.269569187301716
    ],
    [
      28.664736407843733,
      26.596649452470466,
      25.49823148375308,
      65.72162523663896,
      64.24612710083825,
      59.95371218020893,
      37.43388617487921,
      33.177343476848705,
      58.52576127481194,
      23.385364848493573,
      88.78818371890883,
      47.279087218949975,
      49.47415018729319,
      30.29802264723005,
      16.997188179584857,
      53.95001794391079,
      75.98743633727467,
      52.502308894312236,
      0.0,
      28.54341630927633,
      46.35707117293417,
      7.177951912400154,
      75.34857274076882,
      39.26858332061799,
      65.37247257458733,
      13.036619361105718,
      18.986851100149735,
      24.484640437290384,
      36.58719435220221,
      55.20528483529382,
      40.99963695750264,
      23.914612177337947,
      27.068544118047352,
      48.71785875750262,
      32.65467379084438,
      38.17721106943574,
      30.422344961350905,
      25.26969162718611,
      17.51541063824266,
      40.49446397394485,
      66.07052673560625,
      49.2772106469429,
      55.19118146096632,
      51.36809385075935,
      46.25693558637087,
      13.447365392403901,
      8.69240831618086,
      33.800432043820415,
      5.95126843926634,
      39.409549094692906,
      79.89410549436417,
