{
  "n": 40,
  "points": [
    [
      12.898828866186996,
      46.115618279230944
    ],
    [
      41.615393127344745,
      60.27242315765673
    ],
    [
      18.306804693728516,
      41.791271334206506
    ],
    [
      13.408870644786264,
      65.66181275775001
    ],
    [
      80.67323185976491,
      13.814195925845462
    ],
    [
      35.03847371280278,
      61.4515805366465
    ],
    [
      55.12802876953985,
      69.24746523745837
    ],
    [
      4.526021598673058,
      35.25511579243784
    ],
    [
      4.189156765724189,
      15.048464650971283
    ],
    [
      33.8335571865699,
      16.327756502900304
    ],
    [
      76.09747325923288,
      34.660194075606384
    ],
    [
      26.199118453225367,
      18.568837354719836
    ],
    [
      90.40141467222665,
      20.747843652056986
    ],
    [
      34.62854467466615,
      38.25658696460819
    ],
    [
      5.1208033077473125,
      87.08716573392738
    ],
    [
      66.03923611056686,
      85.45657802006357
    ],
    [
      1.0957985412236582,
      80.09468084826783
    ],
    [
      38.55919371138289,
      46.52208311733194
    ],
    [
      23.89672294754799,
      30.02017440479452
    ],
    [
      4.188875276684135,
      58.077468711448624
    ],
    [
      39.4042732154641,
      91.16860734052558
    ],
    [
      17.255008854906283,
      34.798512810174955
    ],
    [
      83.87942259864083,
      28.43706610550939
    ],
    [
      60.98294327727126,
      45.40315201100529
    ],
    [
      44.918175596669904,
      20.239094833700477
    ],
    [
      9.228579773802526,
      75.14659005486163
    ],
    [
      88.76245525259317,
      81.21129624978981
    ],
    [
      81.13005439418058,
      45.4462556797534
    ],
    [
      88.18014182510043,
      73.63296602692975
    ],
    [
      81.05654071676062,
      24.772535658863028
    ],
    [
      36.48929728831073,
      74.63746256674976
    ],
    [
      82.15274838371064,
      35.49709573226959
    ],
    [
      12.39187651003525,
      87.94590078627654
    ],
    [
      50.591618506964075,
      40.80166418754621
    ],
    [
      88.41488976037827,
      88.21205014058698
    ],
    [
      95.3199008633969,
      93.64264653717407
    ],
    [
      35.388099781008755,
      58.394003112292204
    ],
    [
      27.612964559324904,
      83.95978152633171
    ],
    [
      78.33067773098836,
      93.37743478387146
    ],
    [
      49.41972028230923,
      37.39459876918411
    ]
  ],
  "distances": [
    [
      0.0,
      32.01649867382476,
      6.924317948521398,
      19.55284790530541,
      75.07830303881205,
      26.93242678065152,
      48.14963829745964,
      13.713293397451007,
      32.26494107633652,
      36.40850943191745,
      64.22846251315423,
      30.589587156450648,
      81.54860388846416,
      23.107248263726472,
      41.703301816764856,
      66.11818203360066,
      35.97065773547278,
      25.66358388170245,
      19.49402441108475,
      14.796930671393985,
      52.2715066122047,
      12.126548572939265,
      73.1489978986087,
      48.08939245698162,
      41.16834986581287,
      29.26205820918301,
      83.58825527973049,
      68.23450874258202,
      80.15285714112538,
      71.42129136641032,
      37.01358942249032,
      70.06324564006417,
      41.83335433969708,
      38.06552901238081,
      86.45683910734301,
      95.14226991301281,
      25.622764105166265,
      40.60402050375415,
      80.71558799379783,
      37.547725511977525
    ],
    [
      32.01649867382476,
      0.0,
      29.746315191786795,
      28.716779603929666,
      60.694988623199784,
      6.681787269122319,
      16.221673844980725,
      44.7379832826389,
      58.7020407755156,
      44.62836203589369,
      42.953464688816204,
      44.46178801679949,
      62.78748508478546,
      23.097902384845327,
      45.286703407648545,
      35.08227133756847,
      45.10830794184819,
      14.085886769908555,
      35.059233128314034,
      37.49082639055514,
      30.975203765697337,
      35.246963419455106,
      52.91255187371226,
      24.4171501867552,
      40.16933841543024,
      35.63911502946007,
      51.58761356576295,
      42.20454592950402,
      48.44357467246634,
      53.06454688016374,
      15.252252809855914,
      47.50888359260777,
      40.2471773860464,
      21.44022100953863,
      54.505189120400274,
      63.22773093801937,
      6.50443266458711,
      27.5165214423723,
      49.436362308510944,
      24.17234724000772
    ],
    [
      6.924317948521398,
      29.746315191786795,
      0.0,
      24.367858047044148,
      68.35413656730398,
      25.816206268532103,
      45.93087334347207,
      15.252255963599598,
      30.240464485784198,
      29.823994208323388,
      58.22897591505537,
      24.52692513157653,
      75.10298686847028,
      16.70009549667369,
      47.176145264548296,
      64.691916163715,
      41.992498296522484,
      20.797592193563318,
      13.030959634884779,
      21.55356481037731,
      53.69566545920218,
      7.071417556754775,
      66.91862981407932,
      42.8287110058799,
      34.24414363424613,
      34.56864843544294,
      80.7337417689658,
      62.92948127461041,
      76.78656629110954,
      65.01666505556419,
      37.54297957590525,
      64.15544538207483,
      46.53209854795009,
      32.299977171199465,
      84.08348408994182,
      92.84170448714043,
      23.8206075563534,
      43.183189591175456,
      79.14542054881406,
      31.422034403681906
    ],
    [
      19.55284790530541,
      28.716779603929666,
      24.367858047044148,
      0.0,
      84.92743762063657,
      22.035557270819535,
      41.87296333367669,
      31.67762976480972,
      51.446225620445006,
      53.39491480362894,
      69.93540776076908,
      48.7989628097943,
      89.13538274245809,
      34.66007741923617,
      22.97254470747819,
      56.229779484288635,
      18.97154252942599,
      31.604873058793967,
      37.15267729797427,
      11.938617558180345,
      36.41919170848679,
      31.102026666848126,
      79.6980580441231,
      51.707888393287284,
      55.281638924317086,
      10.365125765847417,
      76.94120580102143,
      70.6740933892538,
      75.19496178841264,
      79.04517852365353,
      24.76425616772915,
      75.07083907757719,
      22.307282585138807,
      44.7278853235305,
      78.32251342743574,
      86.55832675407898,
      23.14967754559837,
      23.164022642646177,
      70.59034452127904,
      45.78009041375589
    ],
    [
      75.07830303881205,
      60.694988623199784,
      68.35413656730398,
      84.92743762063657,
      0.0,
      65.96856496611936,
      61.03609380927526,
      79.10822128750317,
      76.49403350769708,
      46.90706887309492,
      21.342286794769173,
      54.681218407655294,
      11.946255129699608,
      52.13006519912848,
      105.2477912576022,
      73.1217118489542,
      103.56481340261439,
      53.32352289275702,
      59.04409964356479,
      88.36907897913484,
      87.67457962771537,
      66.7997946418695,
      14.970236850008696,
      37.22324020033769,
      36.32772184370011,
      94.15944393039493,
      67.8808122165233,
      31.6353582420486,
      60.28796690579331,
      10.96504151310349,
      75.17772169389735,
      21.733318043042946,
      100.78617541066889,
      40.41320211371169,
      74.79955868057017,
      81.16099087558804,
      63.5460651509687,
      87.95336915223479,
      79.59771691088599,
      39.151211784263964
    ],
    [
      26.93242678065152,
      6.681787269122319,
      25.816206268532103,
      22.035557270819535,
      65.96856496611936,
      0.0,
      21.54915405871012,
      40.21522720452573,
      55.72189444016341,
      45.139908277085375,
      49.026725693835104,
      43.78428786918998,
      68.71571456403947,
      23.198615661784785,
      39.39860696614257,
      39.20825389406526,
      38.72557794316966,
      15.339014391469949,
      33.34774207559604,
      31.033568184769113,
      30.036009844183788,
      32.041186644441225,
      58.95249317198388,
      30.506844463566633,
      42.38015440190866,
      29.218211972097897,
      57.242576440548,
      48.79143606702553,
      54.5199325221563,
      58.847385871652854,
      13.265457924966242,
      53.79024223059776,
      34.85423030787446,
      25.851873398517686,
      59.708998681164445,
      68.338241048206,
      3.077501924205774,
      23.701419746092213,
      53.791031763364195,
      28.027818763738274
    ],
    [
      48.14963829745964,
      16.221673844980725,
      45.93087334347207,
      41.87296333367669,
      61.03609380927526,
      21.54915405871012,
      0.0,
      60.95935490564875,
      74.37943496420998,
      57.04340533793873,
      40.44745886492495,
      58.35413589597957,
      59.97020132504972,
      37.15727902145954,
      53.094044036881094,
      19.539441722784638,
      55.11028932924554,
      28.124176213538654,
      50.14154773655453,
      52.149460025582094,
      26.977267464055622,
      51.19664013186283,
      49.921251230563605,
      24.552623019426033,
      50.06057801747295,
      46.27698231003828,
      35.69885008421899,
      35.250573229300244,
      33.34178751374935,
      51.48113336765407,
      19.402432384603994,
      43.23682356465753,
      46.6477245095714,
      28.805253261195027,
      38.31018918214023,
      47.016076538296595,
      22.526926922566844,
      31.20145844469613,
      33.475638143865616,
      32.36031347238621
    ],
    [
      13.713293397451007,
      44.7379832826389,
      15.252255963599598,
      31.67762976480972,
      79.10822128750317,
      40.21522720452573,
      60.95935490564875,
      0.0,
      20.209458881142993,
      34.888057726263334,
      71.57392419484215,
      27.352422477138255,
      87.09215854766953,
      30.25178878575722,
      51.83546244048098,
      79.39812572962913,
      44.970579545074436,
      35.84970511389964,
      20.06560943702847,
      22.824843053180246,
      65.90000738195913,
      12.737174052856433,
      79.64576606320709,
      57.36171758687782,
      43.09300395692011,
      40.16769562994742,
      95.95700744062408,
      77.27895685591277,
      92.03733600815843,
      77.2450959138558,
      50.7210038373053,
      77.62710393702804,
      53.27467031107314,
      46.398312659152054,
      99.2057412502227,
      107.94735873751043,
      38.57299542599094,
      53.89945639353636,
      93.94323409246283,
      44.94465005876565
    ],
    [
      32.26494107633652,
      58.7020407755156,
      30.240464485784198,
      51.446225620445006,
      76.49403350769708,
      55.72189444016341,
      74.37943496420998,
      20.209458881142993,
      0.0,
      29.671991236751357,
      74.53472956921298,
      22.2897159573326,
      86.40044174849636,
      38.277581919392105,
      72.04472512959407,
      93.7162458870301,
      65.1197290127234,
      46.60352024270251,
      24.74955065781379,
      43.02900406139807,
      83.87121407042376,
      23.68081276280965,
      80.80713531260331,
      64.39674860615708,
      41.05844147828057,
      60.30904128997641,
      107.3785970392734,
      82.72803289878294,
      102.4042448959712,
      77.48001208339203,
      67.78014274391496,
      80.60067078551646,
      73.35748636849969,
      53.069913717829564,
      111.56560554303046,
      120.34059143180673,
      53.40608345285043,
      72.78354460348771,
      107.85357060905993,
      50.44951522122872
    ],
    [
      36.40850943191745,
      44.62836203589369,
      29.823994208323388,
      53.39491480362894,
      46.90706887309492,
      45.139908277085375,
      57.04340533793873,
      34.888057726263334,
      29.671991236751357,
      0.0,
      46.068610453911745,
      7.9565757809238145,
      56.74028261230034,
      21.943236099640302,
      76.36305540004146,
      76.26270201944983,
      71.67971457524624,
      30.561888034995828,
      16.918125862338044,
      51.2039611264101,
      75.04789025132057,
      24.81969184635524,
      51.490038103452186,
      39.7802437028068,
      11.754460125225432,
      63.7578237857608,
      85.01210250801803,
      55.541386752780305,
      78.9774543807654,
      47.97212178427849,
      58.37015313274856,
      51.98276449397897,
      74.75897445008844,
      29.661503275705048,
      90.25781704274615,
      98.7834129788839,
      42.09496058294983,
      67.91749834471369,
      88.97553967212374,
      26.205730730499926
    ],
    [
      64.22846251315423,
      42.953464688816204,
      58.22897591505537,
      69.93540776076908,
      21.342286794769173,
      49.026725693835104,
      40.44745886492495,
      71.57392419484215,
      74.53472956921298,
      46.068610453911745,
      0.0,
      52.42878573326903,
      19.953852616825483,
      41.62458504014135,
      88.23987213649228,
      51.782629871140315,
      87.69004389781779,
      39.36784021318343,
      52.40656557768685,
      75.62549315664842,
      67.3764921851155,
      58.84262697438631,
      9.96423891992335,
      18.54346682196636,
      34.35282675524104,
      78.17030878380159,
      48.24320555812399,
      11.902352616532829,
      40.80279197852104,
      11.061561328063338,
      56.27601264976491,
      6.112835775321039,
      83.05281209463614,
      26.234829554995848,
      54.95015957453707,
      62.0357269754971,
      47.122677983953835,
      69.14619951004659,
      58.75969331612454,
      26.817521752130993
    ],
    [
      30.589587156450648,
      44.46178801679949,
      24.52692513157653,
      48.7989628097943,
      54.681218407655294,
      43.78428786918998,
      58.35413589597957,
      27.352422477138255,
      22.2897159573326,
      7.9565757809238145,
      52.42878573326903,
      0.0,
      64.2392629801761,
      21.41641219075624,
      71.68721429413343,
      77.85373996324834,
      66.45002699921847,
      30.563956043881316,
      11.680502784511315,
      45.22590802153532,
      73.7909392424746,
      18.53104049685678,
      58.51836827001879,
      43.93170737021779,
      18.79342598851079,
      59.0681071617179,
      88.53388485710803,
      61.153931510313996,
      82.90781341137043,
      55.20708876628655,
      57.00507445504406,
      58.45831535457365,
      70.73766224907374,
      33.004433760482655,
      93.38618359522741,
      102.04782891447435,
      40.871520713823045,
      65.40622707714148,
      91.18127944949988,
      29.893237398100336
    ],
    [
      81.54860388846416,
      62.78748508478546,
      75.10298686847028,
      89.13538274245809,
      11.946255129699608,
      68.71571456403947,
      59.97020132504972,
      87.09215854766953,
      86.40044174849636,
      56.74028261230034,
      19.953852616825483,
      64.2392629801761,
      0.0,
      58.45655754617775,
      108.0448440647748,
      69.14286693346924,
      107.22658326054979,
      57.89583140577813,
      67.14797196477869,
      93.94734086765165,
      86.94706662808233,
      74.48367598194255,
      10.082684292716545,
      38.38399001524769,
      45.486084269416196,
      97.71516123736107,
      60.485661838302555,
      26.38123723586878,
      52.93175060081282,
      10.174714491974491,
      76.22734042053378,
      16.899139991874033,
      102.96148273452667,
      44.57550435821634,
      67.49344737344809,
      73.06054882132221,
      66.66106912903328,
      89.09623200451026,
      73.62581203816443,
      44.23362669958441
    ],
    [
      23.107248263726472,
      23.097902384845327,
      16.70009549667369,
      34.66007741923617,
      52.13006519912848,
      23.198615661784785,
      37.15727902145954,
      30.25178878575722,
      38.277581919392105,
      21.943236099640302,
      41.62458504014135,
      21.41641219075624,
      58.45655754617775,
      0.0,
      57.05376607660234,
      56.6963022790414,
      53.61782504977072,
      9.152509410021565,
      13.528136953701416,
      36.32410805898302,
      53.12710686040498,
      17.714345139971684,
      50.220234628927535,
      27.306184604726067,
      20.7486512139555,
      44.78873234379393,
      69.1056244037594,
      47.054030033862475,
      64.18147515384376,
      48.34644202111162,
      36.42842996709692,
      47.60425117613039,
      54.438013548734034,
      16.164688188954113,
      73.4065338972348,
      82.16481187834123,
      20.151735733295432,
      46.238515952628994,
      70.34333158151432,
      14.816271444097735
    ],
    [
      41.703301816764856,
      45.286703407648545,
      47.176145264548296,
      22.97254470747819,
      105.2477912576022,
      39.39860696614257,
      53.094044036881094,
      51.83546244048098,
      72.04472512959407,
      76.36305540004146,
      88.23987213649228,
      71.68721429413343,
      108.0448440647748,
      57.05376607660234,
      0.0,
      60.940251652288445,
      8.068178744098038,
      52.57044683543371,
      60.076423476098995,
      29.024662120188307,
      34.52556262396594,
      53.67813492327529,
      98.19752694967049,
      69.70032770387412,
      77.79778547095583,
      12.62739779378845,
      83.84778937012804,
      86.66816970987828,
      84.14195864547031,
      98.23110167987906,
      33.7487410662898,
      92.71168149139666,
      7.321607159849733,
      64.88407114447563,
      83.30168187321733,
      90.43700309284539,
      41.70619638653118,
      22.708541339084004,
      73.47961076235644,
      66.57135462542898
    ],
    [
      66.11818203360066,
      35.08227133756847,
      64.691916163715,
      56.229779484288635,
      73.1217118489542,
      39.20825389406526,
      19.539441722784638,
      79.39812572962913,
      93.7162458870301,
      76.26270201944983,
      51.782629871140315,
      77.85373996324834,
      69.14286693346924,
      56.6963022790414,
      60.940251652288445,
      0.0,
      65.16440765175487,
      47.655509897511166,
      69.63609883882235,
      67.6393580825142,
      27.240567677295537,
      70.32880206388606,
      59.74526753562364,
      40.3713144730159,
      68.55231075897625,
      57.738605155100096,
      23.116381755922998,
      42.76164976055734,
      25.10014952991403,
      62.51457777935632,
      31.468272014700993,
      52.49376294609824,
      53.705082812925056,
      47.2513515046574,
      22.544677927690618,
      30.4034380643777,
      40.888569538831916,
      38.455412428856285,
      14.62256848098141,
      50.85432288289438
    ],
    [
      35.97065773547278,
      45.10830794184819,
      41.992498296522484,
      18.97154252942599,
      103.56481340261439,
      38.72557794316966,
      55.11028932924554,
      44.970579545074436,
      65.1197290127234,
      71.67971457524624,
      87.69004389781779,
      66.45002699921847,
      107.22658326054979,
      53.61782504977072,
      8.068178744098038,
      65.16440765175487,
      0.0,
      50.30532075316439,
      55.02125361476569,
      22.23341525652651,
      39.87694922913298,
      48.09223343635616,
      97.57887872378444,
      69.20962561452657,
      74.1828275811658,
      9.519754885330725,
      87.67376762124476,
      87.21235850838293,
      87.323745932114,
      97.23301927647974,
      35.81174367344027,
      92.51580252014332,
      13.756563233324526,
      63.19633970714391,
      87.69558355793598,
      95.19311336817991,
      40.58178579758208,
      26.79737108156532,
      78.36873174660505,
      64.48642044647113
    ],
    [
      25.66358388170245,
      14.085886769908555,
      20.797592193563318,
      31.604873058793967,
      53.32352289275702,
      15.339014391469949,
      28.124176213538654,
      35.84970511389964,
      46.60352024270251,
      30.561888034995828,
      39.36784021318343,
      30.563956043881316,
      57.89583140577813,
      9.152509410021565,
      52.57044683543371,
      47.655509897511166,
      50.30532075316439,
      0.0,
      22.074896150542397,
      36.26080150150176,
      44.654521434905504,
      24.316874658265196,
      48.79539923713464,
      22.451649191415413,
      27.041304031701525,
      40.98350047729048,
      61.02220069060318,
      42.58445237348505,
      56.54412846478555,
      47.73957809976623,
      28.19147092272755,
      44.96608005830632,
      48.99654232479993,
      13.323004135463137,
      64.98956669289238,
      73.77076232085486,
      12.288137413049752,
      39.00514318410571,
      61.458888054672954,
      14.186684176490314
    ],
    [
      19.49402441108475,
      35.059233128314034,
      13.030959634884779,
      37.15267729797427,
      59.04409964356479,
      33.34774207559604,
      50.14154773655453,
      20.06560943702847,
      24.74955065781379,
      16.918125862338044,
      52.40656557768685,
      11.680502784511315,
      67.14797196477869,
      13.528136953701416,
      60.076423476098995,
      69.63609883882235,
      55.02125361476569,
      22.074896150542397,
      0.0,
      34.28718453924409,
      63.08418950741576,
      8.181985333935101,
      60.00358730376442,
      40.150015421889464,
      23.185577177533194,
      47.45047748535433,
      82.63228293602288,
      59.27578099006153,
      77.6816164588679,
      57.40019581689071,
      46.36027751701437,
      58.512914530436625,
      59.05718642445703,
      28.789893554226833,
      86.88433835011986,
      95.65087194497718,
      30.612512099646747,
      54.06747329164632,
      83.52962274611195,
      26.567000727525343
    ],
    [
      14.796930671393985,
      37.49082639055514,
      21.55356481037731,
      11.938617558180345,
      88.36907897913484,
      31.033568184769113,
      52.149460025582094,
      22.824843053180246,
      43.02900406139807,
      51.2039611264101,
      75.62549315664842,
      45.22590802153532,
      93.94734086765165,
      36.32410805898302,
      29.024662120188307,
      67.6393580825142,
      22.23341525652651,
      36.26080150150176,
      34.28718453924409,
      0.0,
      48.32336606400073,
      26.69519871694887,
      85.02433063020955,
      58.19110296152197,
      55.5933309153881,
      17.797570757112695,
      87.68046764539521,
      77.97110097108248,
      85.41958998461101,
      83.77264801738536,
      36.298080646458196,
      81.16796630276855,
      30.9743839945683,
      49.514321173205815,
      89.4545388100393,
      97.82507704194039,
      31.200830176425868,
      34.908194960046096,
      82.11634719035715,
      49.73540438130075
    ],
    [
      52.2715066122047,
      30.975203765697337,
      53.69566545920218,
      36.41919170848679,
      87.67457962771537,
      30.036009844183788,
      26.977267464055622,
      65.90000738195913,
      83.87121407042376,
      75.04789025132057,
      67.3764921851155,
      73.7909392424746,
      86.94706662808233,
      53.12710686040498,
      34.52556262396594,
      27.240567677295537,
      39.87694922913298,
      44.654521434905504,
      63.08418950741576,
      48.32336606400073,
      0.0,
      60.56548083747492,
      76.89788799685218,
      50.59758791834498,
      71.14350893739586,
      34.165443251731006,
      50.35253894460597,
      61.89971127853059,
      51.832268664448755,
      78.3795236190935,
      16.786179797304072,
      70.19080661994398,
      27.203959515229823,
      51.594434363085156,
      49.09971246951579,
      55.9703339744263,
      33.01975668252203,
      13.820352001440886,
      38.98902264972418,
      54.698749325551155
    ],
    [
      12.126548572939265,
      35.246963419455106,
      7.071417556754775,
      31.102026666848126,
      66.7997946418695,
      32.041186644441225,
      51.19664013186283,
      12.737174052856433,
      23.68081276280965,
      24.81969184635524,
      58.84262697438631,
      18.53104049685678,
      74.48367598194255,
      17.714345139971684,
      53.67813492327529,
      70.32880206388606,
      48.09223343635616,
      24.316874658265196,
      8.181985333935101,
      26.69519871694887,
      60.56548083747492,
      0.0,
      66.92742719448152,
      44.99545111926804,
      31.260637325497783,
      41.13867889392161,
      85.24940678345305,
      64.7564349764641,
      80.86092531924204,
      64.58448486871939,
      44.23912034892068,
      64.90149932049012,
      53.36941919194923,
      33.87281165704003,
      88.97603396773918,
      97.75867960635647,
      29.75829546750971,
      50.24059701234522,
      84.62698995155887,
      32.26930931263745
    ],
    [
      73.1489978986087,
      52.91255187371226,
      66.91862981407932,
      79.6980580441231,
      14.970236850008696,
      58.95249317198388,
      49.921251230563605,
      79.64576606320709,
      80.80713531260331,
      51.490038103452186,
      9.96423891992335,
      58.51836827001879,
      10.082684292716545,
      50.220234628927535,
      98.19752694967049,
      59.74526753562364,
      97.57887872378444,
      48.79539923713464,
      60.00358730376442,
      85.02433063020955,
      76.89788799685218,
      66.92742719448152,
      0.0,
      28.497312790271486,
      39.81438811437384,
      88.05979764928956,
      52.999654482091124,
      17.2299609835968,
      45.40006118467115,
      4.625737294037107,
      66.18383949352426,
      7.268109945180835,
      93.0148947794566,
      35.51001530520876,
      59.946802906985624,
      66.20160317059285,
      56.99847772907763,
      79.0486320437724,
      65.1769902165472,
      35.60489397752771
    ],
    [
      48.08939245698162,
      24.4171501867552,
      42.8287110058799,
      51.707888393287284,
      37.22324020033769,
      30.506844463566633,
      24.552623019426033,
      57.36171758687782,
      64.39674860615708,
      39.7802437028068,
      18.54346682196636,
      43.93170737021779,
      38.38399001524769,
      27.306184604726067,
      69.70032770387412,
      40.3713144730159,
      69.20962561452657,
      22.451649191415413,
      40.150015421889464,
      58.19110296152197,
      50.59758791834498,
      44.99545111926804,
      28.497312790271486,
      0.0,
      29.854757313606818,
      59.69243041054617,
      45.32024359392445,
      20.14715722585572,
      39.19961744996661,
      28.78492044859519,
      38.13900375602691,
      23.372860313665203,
      64.58310338574503,
      11.364564253478525,
      50.84401092479772,
      59.212122816292094,
      28.702930615774733,
      50.99185385155489,
      51.01446557837892,
      14.065740330970968
    ],
    [
      41.16834986581287,
      40.16933841543024,
      34.24414363424613,
      55.281638924317086,
      36.32772184370011,
      42.38015440190866,
      50.06057801747295,
      43.09300395692011,
      41.05844147828057,
      11.754460125225432,
      34.35282675524104,
      18.79342598851079,
      45.486084269416196,
      20.7486512139555,
      77.79778547095583,
      68.55231075897625,
      74.1828275811658,
      27.041304031701525,
      23.185577177533194,
      55.5933309153881,
      71.14350893739586,
      31.260637325497783,
      39.81438811437384,
      29.854757313606818,
      0.0,
      65.48725281657086,
      75.09946873361338,
      44.12143610496361,
      68.72047149830262,
      36.42160786220509,
      55.0475104028982,
      40.23953282599303,
      75.11439079545943,
      21.33089807973595,
      80.6987409826903,
      89.04164931394267,
      39.32708190039018,
      66.02875314306274,
      80.4090297761552,
      17.73626848683798
    ],
    [
      29.26205820918301,
      35.63911502946007,
      34.56864843544294,
      10.365125765847417,
      94.15944393039493,
      29.218211972097897,
      46.27698231003828,
      40.16769562994742,
      60.30904128997641,
      63.7578237857608,
      78.17030878380159,
      59.0681071617179,
      97.71516123736107,
      44.78873234379393,
      12.62739779378845,
      57.738605155100096,
      9.519754885330725,
      40.98350047729048,
      47.45047748535433,
      17.797570757112695,
      34.165443251731006,
      41.13867889392161,
      88.05979764928956,
      59.69243041054617,
      65.48725281657086,
      0.0,
      79.76476672006618,
      77.79416375653192,
      78.96606997969367,
      87.73141586406857,
      27.26547139157813,
      83.00612487933385,
      13.184415096650035,
      53.763137055722616,
      80.25694945948138,
      88.05577591702051,
      31.06396073065653,
      20.38769108690191,
      71.46652112435424,
      55.14109739031679
    ],
    [
      83.58825527973049,
      51.58761356576295,
      80.7337417689658,
      76.94120580102143,
      67.8808122165233,
      57.242576440548,
      35.69885008421899,
      95.95700744062408,
      107.3785970392734,
      85.01210250801803,
      48.24320555812399,
      88.53388485710803,
      60.485661838302555,
      69.1056244037594,
      83.84778937012804,
      23.116381755922998,
      87.67376762124476,
      61.02220069060318,
      82.63228293602288,
      87.68046764539521,
      50.35253894460597,
      85.24940678345305,
      52.999654482091124,
      45.32024359392445,
      75.09946873361338,
      79.76476672006618,
      0.0,
      36.5703660063698,
      7.60066956883093,
      56.96239826300772,
      52.68489662940506,
      46.189569751715574,
      76.66694330502624,
      55.58732896323923,
      7.0093763496398385,
      14.054841262223412,
      58.046969672236536,
      61.21122759234183,
      16.02613206892811,
      58.88763684381401
    ],
    [
      68.23450874258202,
      42.20454592950402,
      62.92948127461041,
      70.6740933892538,
      31.6353582420486,
      48.79143606702553,
      35.250573229300244,
      77.27895685591277,
      82.72803289878294,
      55.541386752780305,
      11.902352616532829,
      61.153931510313996,
      26.38123723586878,
      47.054030033862475,
      86.66816970987828,
      42.76164976055734,
      87.21235850838293,
      42.58445237348505,
      59.27578099006153,
      77.97110097108248,
      61.89971127853059,
      64.7564349764641,
      17.2299609835968,
      20.14715722585572,
      44.12143610496361,
      77.79416375653192,
      36.5703660063698,
      0.0,
      29.055023197017633,
      20.67385072411357,
      53.33782667586572,
      10.001584207356197,
      80.81557357968093,
      30.889614704089723,
      43.38181649238387,
      50.241853414271986,
      47.53914781956326,
      65.9345931778385,
      48.01285702823223,
      32.71657788479764
    ],
    [
      80.15285714112538,
      48.44357467246634,
      76.78656629110954,
      75.19496178841264,
      60.28796690579331,
      54.5199325221563,
      33.34178751374935,
      92.03733600815843,
      102.4042448959712,
      78.9774543807654,
      40.80279197852104,
      82.90781341137043,
      52.93175060081282,
      64.18147515384376,
      84.14195864547031,
      25.10014952991403,
      87.323745932114,
      56.54412846478555,
      77.6816164588679,
      85.41958998461101,
      51.832268664448755,
      80.86092531924204,
      45.40006118467115,
      39.19961744996661,
      68.72047149830262,
      78.96606997969367,
      7.60066956883093,
      29.055023197017633,
      0.0,
      49.37699209655684,
      51.700603693042815,
      38.609248565964755,
      77.12795382280041,
      49.90782970343221,
      14.580973910758152,
      21.2453165014548,
      54.94748123343637,
      61.44124087534825,
      22.064813378659032,
      53.062129053423064
    ],
    [
      71.42129136641032,
      53.06454688016374,
      65.01666505556419,
      79.04517852365353,
      10.96504151310349,
      58.847385871652854,
      51.48113336765407,
      77.2450959138558,
      77.48001208339203,
      47.97212178427849,
      11.061561328063338,
      55.20708876628655,
      10.174714491974491,
      48.34644202111162,
      98.23110167987906,
      62.51457777935632,
      97.23301927647974,
      47.73957809976623,
      57.40019581689071,
      83.77264801738536,
      78.3795236190935,
      64.58448486871939,
      4.625737294037107,
      28.78492044859519,
      36.42160786220509,
      87.73141586406857,
      56.96239826300772,
      20.67385072411357,
      49.37699209655684,
      0.0,
      66.87862231191367,
      10.780438767377987,
      93.3043952455824,
      34.42447452958432,
      63.86483616454811,
      70.33161177638053,
      56.70987190273184,
      79.74550712028747,
      68.659030818748,
      34.06178040506176
    ],
    [
      37.01358942249032,
      15.252252809855914,
      37.54297957590525,
      24.76425616772915,
      75.17772169389735,
      13.265457924966242,
      19.402432384603994,
      50.7210038373053,
      67.78014274391496,
      58.37015313274856,
      56.27601264976491,
      57.00507445504406,
      76.22734042053378,
      36.42842996709692,
      33.7487410662898,
      31.468272014700993,
      35.81174367344027,
      28.19147092272755,
      46.36027751701437,
      36.298080646458196,
      16.786179797304072,
      44.23912034892068,
      66.18383949352426,
      38.13900375602691,
      55.0475104028982,
      27.26547139157813,
      52.68489662940506,
      53.33782667586572,
      51.700603693042815,
      66.87862231191367,
      0.0,
      60.14248982108784,
      27.528171316094063,
      36.657014549908375,
      53.670630528949566,
      61.824242290210194,
      16.28074356406042,
      12.872253629409501,
      45.846348557408355,
      39.423682509980615
    ],
    [
      70.06324564006417,
      47.50888359260777,
      64.15544538207483,
      75.07083907757719,
      21.733318043042946,
      53.79024223059776,
      43.23682356465753,
      77.62710393702804,
      80.60067078551646,
      51.98276449397897,
      6.112835775321039,
      58.45831535457365,
      16.899139991874033,
      47.60425117613039,
      92.71168149139666,
      52.49376294609824,
      92.51580252014332,
      44.96608005830632,
      58.512914530436625,
      81.16796630276855,
      70.19080661994398,
      64.90149932049012,
      7.268109945180835,
      23.372860313665203,
      40.23953282599303,
      83.00612487933385,
      46.189569751715574,
      10.001584207356197,
      38.609248565964755,
      10.780438767377987,
      60.14248982108784,
      0.0,
      87.27804074432801,
      32.00380236149418,
      53.08559911023284,
      59.61777405127632,
      52.069191721242625,
      72.96039976579569,
      58.006395102633206,
      32.78798021321586
    ],
    [
      41.83335433969708,
      40.2471773860464,
      46.53209854795009,
      22.307282585138807,
      100.78617541066889,
      34.85423030787446,
      46.6477245095714,
      53.27467031107314,
      73.35748636849969,
      74.75897445008844,
      83.05281209463614,
      70.73766224907374,
      102.96148273452667,
      54.438013548734034,
      7.321607159849733,
      53.705082812925056,
      13.756563233324526,
      48.99654232479993,
      59.05718642445703,
      30.9743839945683,
      27.203959515229823,
      53.36941919194923,
      93.0148947794566,
      64.58310338574503,
      75.11439079545943,
      13.184415096650035,
      76.66694330502624,
      80.81557357968093,
      77.12795382280041,
      93.3043952455824,
      27.528171316094063,
      87.27804074432801,
      0.0,
      60.67783230397236,
      76.0234791307306,
      83.12346320565639,
      37.445172464045406,
      15.734378543772598,
      66.16212714252315,
      62.66175348685371
    ],
    [
      38.06552901238081,
      21.44022100953863,
      32.299977171199465,
      44.7278853235305,
      40.41320211371169,
      25.851873398517686,
      28.805253261195027,
      46.398312659152054,
      53.069913717829564,
      29.661503275705048,
      26.234829554995848,
      33.004433760482655,
      44.57550435821634,
      16.164688188954113,
      64.88407114447563,
      47.2513515046574,
      63.19633970714391,
      13.323004135463137,
      28.789893554226833,
      49.514321173205815,
      51.594434363085156,
      33.87281165704003,
      35.51001530520876,
      11.364564253478525,
      21.33089807973595,
      53.763137055722616,
      55.58732896323923,
      30.889614704089723,
      49.90782970343221,
      34.42447452958432,
      36.657014549908375,
      32.00380236149418,
      60.67783230397236,
      0.0,
      60.64935732986488,
      69.22996936465063,
      23.25161006239368,
      48.894188095045926,
      59.44465544042917,
      3.6029765769358124
    ],
    [
      86.45683910734301,
      54.505189120400274,
      84.08348408994182,
      78.32251342743574,
      74.79955868057017,
      59.708998681164445,
      38.31018918214023,
      99.2057412502227,
      111.56560554303046,
      90.25781704274615,
      54.95015957453707,
      93.38618359522741,
      67.49344737344809,
      73.4065338972348,
      83.30168187321733,
      22.544677927690618,
      87.69558355793598,
      64.98956669289238,
      86.88433835011986,
      89.4545388100393,
      49.09971246951579,
      88.97603396773918,
      59.946802906985624,
      50.84401092479772,
      80.6987409826903,
      80.25694945948138,
      7.0093763496398385,
      43.38181649238387,
      14.580973910758152,
      63.86483616454811,
      53.670630528949566,
      53.08559911023284,
      76.0234791307306,
      60.64935732986488,
      0.0,
      8.78467731652308,
      60.835486223895366,
      60.95043803388347,
      11.330160226879913,
      64.0549498985693
    ],
    [
      95.14226991301281,
      63.22773093801937,
      92.84170448714043,
      86.55832675407898,
      81.16099087558804,
      68.338241048206,
      47.016076538296595,
      107.94735873751043,
      120.34059143180673,
      98.7834129788839,
      62.0357269754971,
      102.04782891447435,
      73.06054882132221,
      82.16481187834123,
      90.43700309284539,
      30.4034380643777,
      95.19311336817991,
      73.77076232085486,
      95.65087194497718,
      97.82507704194039,
      55.9703339744263,
      97.75867960635647,
      66.20160317059285,
      59.212122816292094,
      89.04164931394267,
      88.05577591702051,
      14.054841262223412,
      50.241853414271986,
      21.2453165014548,
      70.33161177638053,
      61.824242290210194,
      59.61777405127632,
      83.12346320565639,
      69.22996936465063,
      8.78467731652308,
      0.0,
      69.52904173274221,
      68.39581199533971,
      16.991293061943676,
      72.5993764097636
    ],
    [
      25.622764105166265,
      6.50443266458711,
      23.8206075563534,
      23.14967754559837,
      63.5460651509687,
      3.077501924205774,
      22.526926922566844,
      38.57299542599094,
      53.40608345285043,
      42.09496058294983,
      47.122677983953835,
      40.871520713823045,
      66.66106912903328,
      20.151735733295432,
      41.70619638653118,
      40.888569538831916,
      40.58178579758208,
      12.288137413049752,
      30.612512099646747,
      31.200830176425868,
      33.01975668252203,
      29.75829546750971,
      56.99847772907763,
      28.702930615774733,
      39.32708190039018,
      31.06396073065653,
      58.046969672236536,
      47.53914781956326,
      54.94748123343637,
      56.70987190273184,
      16.28074356406042,
      52.069191721242625,
      37.445172464045406,
      23.25161006239368,
      60.835486223895366,
      69.52904173274221,
      0.0,
      26.72193394257304,
      55.388676573015616,
      25.255917260275123
    ],
    [
      40.60402050375415,
      27.5165214423723,
      43.183189591175456,
      23.164022642646177,
      87.95336915223479,
      23.701419746092213,
      31.20145844469613,
      53.89945639353636,
      72.78354460348771,
      67.91749834471369,
