{
  "n": 8,
  "points": [
    [
      51.63986277024462,
      57.06675868681398
    ],
    [
      2.8474226478096942,
      17.152165622510307
    ],
    [
      68.52769816973125,
      83.38968626360766
    ],
    [
      30.69662196722378,
      89.36130796833973
    ],
    [
      72.15438617683047,
      18.993895420479678
    ],
    [
      55.422759112478715,
      35.21319540266141
    ],
    [
      18.189240266007868,
      78.56017618643588
    ],
    [
      96.54832224119693,
      23.23536618147607
    ]
  ],
  "distances": [
    [
      0.0,
      63.03869409014083,
      31.2745183926672,
      38.49100217752472,
      43.24798940871525,
      22.178560209142276,
      39.76067330584334,
      56.2257312171607
    ],
    [
      63.03869409014083,
      0.0,
      93.28080045387328,
      77.39339856249181,
      69.3314298299245,
      55.591067637639966,
      63.29545899390612,
      93.89815713660539
    ],
    [
      31.2745183926672,
      93.28080045387328,
      0.0,
      38.29948553733267,
      64.49783519012652,
      49.927083826007106,
      50.56960066789568,
      66.36036164682906
    ],
    [
      38.49100217752472,
      77.39339856249181,
      38.29948553733267,
      0.0,
      81.67202067991265,
      59.52646430413389,
      16.525708601750306,
      93.32248714095053
    ],
    [
      43.24798940871525,
      69.3314298299245,
      64.49783519012652,
      81.67202067991265,
      0.0,
      23.302640110780334,
      80.37648149468286,
      24.759931157593833
    ],
    [
      22.178560209142276,
      55.591067637639966,
      49.927083826007106,
      59.52646430413389,
      23.302640110780334,
      0.0,
      57.14276567300022,
      42.83433594099561
    ],
    [
      39.76067330584334,
      63.29545899390612,
      50.56960066789568,
      16.525708601750306,
      80.37648149468286,
      57.14276567300022,
      0.0,
      95.92174065392736
    ],
    [
      56.2257312171607,
      93.89815713660539,
      66.36036164682906,
      93.32248714095053,
      24.759931157593833,
      42.83433594099561,
      95.92174065392736,
      0.0
    ]
  ]
}