{
  "n": 15,
  "points": [
    [
      54.340494179096545,
      27.836938509379618
    ],
    [
      42.45175907491331,
      84.47761323199036
    ],
    [
      0.47188561909725646,
      12.156912078311422
    ],
    [
      67.07490847267786,
      82.58527551050476
    ],
    [
      13.670658968495298,
      57.509332942725
    ],
    [
      89.1321954312264,
      20.920212211718958
    ],
    [
      18.532821955007506,
      10.837689046425513
    ],
    [
      21.969749262499217,
      97.86237847073697
    ],
    [
      81.16831490893233,
      17.19410127325942
    ],
    [
      81.622474872584,
      27.407374704169918
    ],
    [
      43.17041836631217,
      94.00298196223747
    ],
    [
      81.76493787767274,
      33.611195012089865
    ],
    [
      17.541045374233665,
      37.283204628992316
    ],
    [
      0.5688507352573424,
      25.242635344484043
    ],
    [
      79.56625084732873,
      1.525497124633901
    ]
  ],
  "distances": [
    [
      0.0,
      57.874934603937426,
      56.10427984627756,
      56.20983643268619,
      50.34368368986806,
      35.47257502203928,
      39.63790953634592,
      77.14549480194599,
      28.8617731531996,
      27.285362295974156,
      67.10227939398797,
      28.025740852570998,
      37.99251736782214,
      53.834190321419,
      36.45038747705942
    ],
    [
      57.874934603937426,
      0.0,
      83.6217291780436,
      24.695757293850903,
      39.44160069135168,
      78.85814075203265,
      77.42708819916804,
      24.467624863320648,
      77.62758966468945,
      69.21962945382046,
      9.552440558531801,
      64.28777901047413,
      53.365305775044185,
      72.54626535061185,
      90.87650447840211
    ],
    [
      56.10427984627756,
      83.6217291780436,
      0.0,
      96.93357018583237,
      47.23398878129685,
      89.09234515496213,
      18.10905217667842,
      88.36054046220795,
      80.853490803521,
      82.57114960136394,
      92.31437512223917,
      84.07643309345433,
      30.375759942572145,
      13.08608251665117,
      79.8056739510052
    ],
    [
      56.20983643268619,
      24.695757293850903,
      96.93357018583237,
      0.0,
      58.99844710471262,
      65.49125086311159,
      86.62592179543904,
      47.62210896456706,
      66.89267353831238,
      57.06340706226193,
      26.49129419004051,
      51.129810527566356,
      67.1258610343956,
      87.81363275131513,
      82.01659165246532
    ],
    [
      50.34368368986806,
      39.44160069135168,
      47.23398878129685,
      58.99844710471262,
      0.0,
      83.8642190757431,
      46.924225863517435,
      41.197611376071755,
      78.62093526546408,
      74.32077216000164,
      46.92570961944473,
      72.1661403756118,
      20.59310946635557,
      34.82523729821336,
      86.46628766154332
    ],
    [
      35.47257502203928,
      78.85814075203265,
      89.09234515496213,
      65.49125086311159,
      83.8642190757431,
      0.0,
      71.31569819200622,
      102.1317341671899,
      8.792456749912551,
      9.92366767240616,
      86.33409630830788,
      14.674383404412733,
      73.43732216884408,
      88.66876206125636,
      21.625500435629366
    ],
    [
      39.63790953634592,
      77.42708819916804,
      18.10905217667842,
      86.62592179543904,
      46.924225863517435,
      71.31569819200622,
      0.0,
      87.09253147494823,
      62.957199381632364,
      65.22927861058045,
      86.7379795862178,
      67.2081323801333,
      26.4641061669189,
      23.02621853092605,
      61.73974700905659
    ],
    [
      77.14549480194599,
      24.467624863320648,
      88.36054046220795,
      47.62210896456706,
      41.197611376071755,
      102.1317341671899,
      87.09253147494823,
      0.0,
      100.0591880868725,
      92.31660321122654,
      21.54909074321205,
      87.77060531499657,
      60.740840638554374,
      75.70749995539585,
      112.24148832897936
    ],
    [
      28.8617731531996,
      77.62758966468945,
      80.853490803521,
      66.89267353831238,
      78.62093526546408,
      8.792456749912551,
      62.957199381632364,
      100.0591880868725,
      0.0,
      10.223366150496927,
      85.69389881641125,
      16.42793126952917,
      66.72332052647344,
      81.0003242325559,
      15.750294131342647
    ],
    [
      27.285362295974156,
      69.21962945382046,
      82.57114960136394,
      57.06340706226193,
      74.32077216000164,
      9.92366767240616,
      65.22927861058045,
      92.31660321122654,
      10.223366150496927,
      0.0,
      76.89951596487654,
      6.205455835051835,
      64.83796436699768,
      81.08252636845003,
      25.963428977778072
    ],
    [
      67.10227939398797,
      9.552440558531801,
      92.31437512223917,
      26.49129419004051,
      46.92570961944473,
      86.33409630830788,
      86.7379795862178,
      21.54909074321205,
      85.69389881641125,
      76.89951596487654,
      0.0,
      71.67080903230276,
      62.241448414219875,
      80.88806359171255,
      99.38179825237324
    ],
    [
      28.025740852570998,
      64.28777901047413,
      84.07643309345433,
      51.129810527566356,
      72.1661403756118,
      14.674383404412733,
      67.2081323801333,
      87.77060531499657,
      16.42793126952917,
      6.205455835051835,
      71.67080903230276,
      0.0,
      64.32878067334964,
      81.62620509462015,
      32.16094267247929
    ],
    [
      37.99251736782214,
      53.365305775044185,
      30.375759942572145,
      67.1258610343956,
      20.59310946635557,
      73.43732216884408,
      26.4641061669189,
      60.740840638554374,
      66.72332052647344,
      64.83796436699768,
      62.241448414219875,
      64.32878067334964,
      0.0,
      20.80938969692145,
      71.59427183753539
    ],
    [
      53.834190321419,
      72.54626535061185,
      13.08608251665117,
      87.81363275131513,
      34.82523729821336,
      88.66876206125636,
      23.02621853092605,
      75.70749995539585,
      81.0003242325559,
      81.08252636845003,
      80.88806359171255,
      81.62620509462015,
      20.80938969692145,
      0.0,
      82.48085759620939
    ],
    [
      36.45038747705942,
      90.87650447840211,
      79.8056739510052,
      82.01659165246532,
      86.46628766154332,
      21.625500435629366,
      61.73974700905659,
      112.24148832897936,
      15.750294131342647,
      25.963428977778072,
      99.38179825237324,
      32.16094267247929,
      71.59427183753539,
      82.48085759620939,
      0.0
    ]
  ]
}