{
  "n": 20,
  "points": [
    [
      43.21112056009026,
      17.421526319883064
    ],
    [
      17.094368527750202,
      82.76322476206413
    ],
    [
      58.71712601257249,
      45.935374564471196
    ],
    [
      82.268475801786,
      82.15481108679936
    ],
    [
      30.712025149713917,
      20.089437575483526
    ],
    [
      40.323245786356395,
      94.7889332352369
    ],
    [
      67.7544430493336,
      60.8975104116187
    ],
    [
      67.2363368051698,
      0.7982611106041149
    ],
    [
      33.65599161726118,
      35.72723342389582
    ],
    [
      48.6059987461812,
      87.8282418534084
    ],
    [
      75.49086903111956,
      63.046494435733834
    ],
    [
      37.64836859566185,
      59.016159450275694
    ],
    [
      73.73287438488043,
      59.61464515319591
    ],
    [
      9.247963242805103,
      40.227095813528315
    ],
    [
      58.968649963170684,
      11.54128830183213
    ],
    [
      38.81942572732227,
      5.976144971458918
    ],
    [
      58.39578475721823,
      16.672539736308
    ],
    [
      34.809538190085,
      42.189911865158095
    ],
    [
      24.947386960516216,
      76.99528020940497
    ],
    [
      55.131021555206615,
      2.6292055508836065
    ]
  ],
  "distances": [
    [
      0.0,
      70.36776458029391,
      32.45729111937425,
      75.60340703427785,
      12.780654777649326,
      77.42128566172683,
      49.92530291901941,
      29.21547469819475,
      20.649440711360512,
      70.61310291200576,
      55.889353878223694,
      41.964958175479076,
      52.07529868779585,
      40.909535011878866,
      16.818945628007594,
      12.259026784986498,
      15.203124931471013,
      26.154531325171405,
      62.310481602099145,
      18.99728384444336
    ],
    [
      70.36776458029391,
      0.0,
      55.5764742567993,
      65.17694704546825,
      64.13613780219781,
      26.15718644994395,
      55.177464735049746,
      96.08575466279542,
      49.86654029029152,
      31.916096834649803,
      61.63522309362764,
      31.406846860422927,
      61.186412573677536,
      43.25376679344911,
      82.61972935611763,
      79.80121385726817,
      77.93449576236104,
      44.27212391105207,
      9.743668860748155,
      88.70314542601608
    ],
    [
      32.45729111937425,
      55.5764742567993,
      0.0,
      43.20316723214683,
      38.10902954914495,
      52.20158067122422,
      17.47966270645486,
      45.93403926801969,
      27.06042502854978,
      43.09579125953793,
      23.96140392591752,
      24.799182896243146,
      20.312438135783147,
      49.79741470639019,
      34.395005947660216,
      44.639203692591956,
      29.264599132445905,
      24.199199290924856,
      45.881510593224405,
      43.454394712302154
    ],
    [
      75.60340703427785,
      65.17694704546825,
      43.20316723214683,
      0.0,
      80.68567526481196,
      43.80665889461254,
      25.739657704295468,
      82.73362935857911,
      67.22122868733965,
      34.137225695457815,
      20.274706379505755,
      50.26282091807433,
      24.102190188085764,
      84.20171353608413,
      74.35826439752942,
      87.69839863695216,
      69.69815807414689,
      62.04469299647851,
      57.55282777434597,
      84.02834854285345
    ],
    [
      12.780654777649326,
      64.13613780219781,
      38.10902954914495,
      80.68567526481196,
      0.0,
      75.31527211626958,
      55.11297063713204,
      41.3058692113359,
      15.912498155810212,
      70.06240001651443,
      62.05202328248514,
      39.539885385741414,
      58.42119053028772,
      29.43180648305345,
      29.521309284194825,
      16.276208780075905,
      27.893829727189665,
      22.477112291052375,
      57.197080164366675,
      30.01911204223619
    ],
    [
      77.42128566172683,
      26.15718644994395,
      52.20158067122422,
      43.80665889461254,
      75.31527211626958,
      0.0,
      43.601595432846686,
      97.76789306631885,
      59.43682917821478,
      10.819206121825578,
      47.37450944997535,
      35.87264016287769,
      48.512202848043565,
      62.79066242678526,
      85.31014877419332,
      88.8255190469305,
      80.17972061645527,
      52.88721982244092,
      23.51661375784926,
      93.34176787523741
    ],
    [
      49.92530291901941,
      55.177464735049746,
      17.47966270645486,
      25.739657704295468,
      55.11297063713204,
      43.601595432846686,
      0.0,
      60.10148251603901,
      42.382157020426575,
      33.044321981555775,
      8.029347377437029,
      30.164800686392297,
      6.114522426577273,
      62.0505779103521,
      50.1320937235166,
      62.0773034952121,
      45.20434178550409,
      37.88589446694478,
      45.73381947152105,
      59.62001443778718
    ],
    [
      29.21547469819475,
      96.08575466279542,
      45.93403926801969,
      82.73362935857911,
      41.3058692113359,
      97.76789306631885,
      60.10148251603901,
      0.0,
      48.452788256216955,
      89.00172495117768,
      62.793151333318455,
      65.30521839681104,
      59.17408243792411,
      70.12335184828858,
      13.556079040372618,
      28.884793862563644,
      18.169977501334994,
      52.5810424070333,
      87.14551622720843,
      12.24299860509596
    ],
    [
      20.649440711360512,
      49.86654029029152,
      27.06042502854978,
      67.22122868733965,
      15.912498155810212,
      59.43682917821478,
      42.382157020426575,
      48.452788256216955,
      0.0,
      54.203485058867756,
      49.964977638997205,
      23.62865102793339,
      46.6558139088217,
      24.819359593951695,
      35.009864523934084,
      30.195832757413175,
      31.22721114886286,
      6.564821576465715,
      42.17690695817383,
      39.45448466167498
    ],
    [
      70.61310291200576,
      31.916096834649803,
      43.09579125953793,
      34.137225695457815,
      70.06240001651443,
      10.819206121825578,
      33.044321981555775,
      89.00172495117768,
      54.203485058867756,
      0.0,
      36.56407055172306,
      30.825407554815555,
      37.78050976528636,
      61.765071545291725,
      76.98755628298206,
      82.43508218850455,
      71.82599706178414,
      47.67808184053072,
      26.02081800415305,
      85.44853251833668
    ],
    [
      55.889353878223694,
      61.63522309362764,
      23.96140392591752,
      20.274706379505755,
      62.05202328248514,
      47.37450944997535,
      8.029347377437029,
      62.793151333318455,
      49.964977638997205,
      36.56407055172306,
      0.0,
      38.05651638422288,
      3.855922026475834,
      70.06316807537767,
      54.09038714804137,
      67.8367123463253,
      49.424544315513806,
      45.716164707037194,
      52.43293053398,
      63.75556591732118
    ],
    [
      41.964958175479076,
      31.406846860422927,
      24.799182896243146,
      50.26282091807433,
      39.539885385741414,
      35.87264016287769,
      30.164800686392297,
      65.30521839681104,
      23.62865102793339,
      30.825407554815555,
      38.05651638422288,
      0.0,
      36.089468591110474,
      34.05307528773748,
      52.04246139597034,
      53.05294064157712,
      47.153339307645275,
      17.064043069193872,
      22.012808039131667,
      59.035004231015755
    ],
    [
      52.07529868779585,
      61.186412573677536,
      20.312438135783147,
      24.102190188085764,
      58.42119053028772,
      48.512202848043565,
      6.114522426577273,
      59.17408243792411,
      46.6558139088217,
      37.78050976528636,
      3.855922026475834,
      36.089468591110474,
      0.0,
      67.33632626153134,
      50.28946173636356,
      64.00029374081144,
      45.598801912792155,
      42.64560271226478,
      51.789094008197544,
      59.94471832751929
    ],
    [
      40.909535011878866,
      43.25376679344911,
      49.79741470639019,
      84.20171353608413,
      29.43180648305345,
      62.79066242678526,
      62.0505779103521,
      70.12335184828858,
      24.819359593951695,
      61.765071545291725,
      70.06316807537767,
      34.05307528773748,
      67.33632626153134,
      0.0,
      57.40228427983352,
      45.250403612112244,
      54.500692395670775,
      25.636824308754445,
      39.97963592677424,
      59.31994936192302
    ],
    [
      16.818945628007594,
      82.61972935611763,
      34.395005947660216,
      74.35826439752942,
      29.521309284194825,
      85.31014877419332,
      50.1320937235166,
      13.556079040372618,
      35.009864523934084,
      76.98755628298206,
      54.09038714804137,
      52.04246139597034,
      50.28946173636356,
      57.40228427983352,
      0.0,
      20.903637424957854,
      5.16313042911,
      39.02564295422827,
      73.76768528924028,
      9.703226821906568
    ],
    [
      12.259026784986498,
      79.80121385726817,
      44.639203692591956,
      87.69839863695216,
      16.276208780075905,
      88.8255190469305,
      62.0773034952121,
      28.884793862563644,
      30.195832757413175,
      82.43508218850455,
      67.8367123463253,
      53.05294064157712,
      64.00029374081144,
      45.250403612112244,
      20.903637424957854,
      0.0,
      22.30799618596166,
      36.435094492706796,
      72.36125364788424,
      16.651431227893145
    ],
    [
      15.203124931471013,
      77.93449576236104,
      29.264599132445905,
      69.69815807414689,
      27.893829727189665,
      80.17972061645527,
      45.20434178550409,
      18.169977501334994,
      31.22721114886286,
      71.82599706178414,
      49.424544315513806,
      47.153339307645275,
      45.598801912792155,
      54.500692395670775,
      5.16313042911,
      22.30799618596166,
      0.0,
      34.74834251425267,
      68.9755633057899,
      14.41783318701942
    ],
    [
      26.154531325171405,
      44.27212391105207,
      24.199199290924856,
      62.04469299647851,
      22.477112291052375,
      52.88721982244092,
      37.88589446694478,
      52.5810424070333,
      6.564821576465715,
      47.67808184053072,
      45.716164707037194,
      17.064043069193872,
      42.64560271226478,
      25.636824308754445,
      39.02564295422827,
      36.435094492706796,
      34.74834251425267,
      0.0,
      36.17562290346342,
      44.474848737721324
    ],
    [
      62.310481602099145,
      9.743668860748155,
      45.881510593224405,
      57.55282777434597,
      57.197080164366675,
      23.51661375784926,
      45.73381947152105,
      87.14551622720843,
      42.17690695817383,
      26.02081800415305,
      52.43293053398,
      22.012808039131667,
      51.789094008197544,
      39.97963592677424,
      73.76768528924028,
      72.36125364788424,
      68.9755633057899,
      36.17562290346342,
      0.0,
      80.25811396651783
    ],
    [
      18.99728384444336,
      88.70314542601608,
      43.454394712302154,
      84.02834854285345,
      30.01911204223619,
      93.34176787523741,
      59.62001443778718,
      12.24299860509596,
      39.45448466167498,
      85.44853251833668,
      63.75556591732118,
      59.035004231015755,
      59.94471832751929,
      59.31994936192302,
      9.703226821906568,
      16.651431227893145,
      14.41783318701942,
      44.474848737721324,
      80.25811396651783,
      0.0
    ]
  ]
}