{
  "n": 12,
  "points": [
    [
      43.21112056009026,
      17.421526319883064
    ],
    [
      17.094368527750202,
      82.76322476206413
    ],
    [
      58.71712601257249,
      45.935374564471196
    ],
    [
      82.268475801786,
      82.15481108679936
    ],
    [
      30.712025149713917,
      20.089437575483526
    ],
    [
      40.323245786356395,
      94.7889332352369
    ],
    [
      67.7544430493336,
      60.8975104116187
    ],
    [
      67.2363368051698,
      0.7982611106041149
    ],
    [
      33.65599161726118,
      35.72723342389582
    ],
    [
      48.6059987461812,
      87.8282418534084
    ],
    [
      75.49086903111956,
      63.046494435733834
    ],
    [
      37.64836859566185,
      59.016159450275694
    ]
  ],
  "distances": [
    [
      0.0,
      70.36776458029391,
      32.45729111937425,
      75.60340703427785,
      12.780654777649326,
      77.42128566172683,
      49.92530291901941,
      29.21547469819475,
      20.649440711360512,
      70.61310291200576,
      55.889353878223694,
      41.964958175479076
    ],
    [
      70.36776458029391,
      0.0,
      55.5764742567993,
      65.17694704546825,
      64.13613780219781,
      26.15718644994395,
      55.177464735049746,
      96.08575466279542,
      49.86654029029152,
      31.916096834649803,
      61.63522309362764,
      31.406846860422927
    ],
    [
      32.45729111937425,
      55.5764742567993,
      0.0,
      43.20316723214683,
      38.10902954914495,
      52.20158067122422,
      17.47966270645486,
      45.93403926801969,
      27.06042502854978,
      43.09579125953793,
      23.96140392591752,
      24.799182896243146
    ],
    [
      75.60340703427785,
      65.17694704546825,
      43.20316723214683,
      0.0,
      80.68567526481196,
      43.80665889461254,
      25.739657704295468,
      82.73362935857911,
      67.22122868733965,
      34.137225695457815,
      20.274706379505755,
      50.26282091807433
    ],
    [
      12.780654777649326,
      64.13613780219781,
      38.10902954914495,
      80.68567526481196,
      0.0,
      75.31527211626958,
      55.11297063713204,
      41.3058692113359,
      15.912498155810212,
      70.06240001651443,
      62.05202328248514,
      39.539885385741414
    ],
    [
      77.42128566172683,
      26.15718644994395,
      52.20158067122422,
      43.80665889461254,
      75.31527211626958,
      0.0,
      43.601595432846686,
      97.76789306631885,
      59.43682917821478,
      10.819206121825578,
      47.37450944997535,
      35.87264016287769
    ],
    [
      49.92530291901941,
      55.177464735049746,
      17.47966270645486,
      25.739657704295468,
      55.11297063713204,
      43.601595432846686,
      0.0,
      60.10148251603901,
      42.382157020426575,
      33.044321981555775,
      8.029347377437029,
      30.164800686392297
    ],
    [
      29.21547469819475,
      96.08575466279542,
      45.93403926801969,
      82.73362935857911,
      41.3058692113359,
      97.76789306631885,
      60.10148251603901,
      0.0,
      48.452788256216955,
      89.00172495117768,
      62.793151333318455,
      65.30521839681104
    ],
    [
      20.649440711360512,
      49.86654029029152,
      27.06042502854978,
      67.22122868733965,
      15.912498155810212,
      59.43682917821478,
      42.382157020426575,
      48.452788256216955,
      0.0,
      54.203485058867756,
      49.964977638997205,
      23.62865102793339
    ],
    [
      70.61310291200576,
      31.916096834649803,
      43.09579125953793,
      34.137225695457815,
      70.06240001651443,
      10.819206121825578,
      33.044321981555775,
      89.00172495117768,
      54.203485058867756,
      0.0,
      36.56407055172306,
      30.825407554815555
    ],
    [
      55.889353878223694,
      61.63522309362764,
      23.96140392591752,
      20.274706379505755,
      62.05202328248514,
      47.37450944997535,
      8.029347377437029,
      62.793151333318455,
      49.964977638997205,
      36.56407055172306,
      0.0,
      38.05651638422288
    ],
    [
      41.964958175479076,
      31.406846860422927,
      24.799182896243146,
      50.26282091807433,
      39.539885385741414,
      35.87264016287769,
      30.164800686392297,
      65.30521839681104,
      23.62865102793339,
      30.825407554815555,
      38.05651638422288,
      0.0
    ]
  ]
}