{
  "n": 40,
  "points": [
    [
      65.35895854646095,
      11.500694312440574
    ],
    [
      95.02828643490245,
      48.21914014279982
    ],
    [
      87.24745351820353,
      21.233268092271995
    ],
    [
      4.070962476908912,
      39.71944613457058
    ],
    [
      23.313219734837997,
      84.17407242530615
    ],
    [
      20.708234438674687,
      74.24695335824086
    ],
    [
      39.21541278088413,
      18.225651995238433
    ],
    [
      74.353941459214,
      6.958208096995455
    ],
    [
      88.53372043807506,
      95.26443992215418
    ],
    [
      93.11434346775108,
      41.543095304490784
    ],
    [
      2.898165938687125,
      98.20274845981977
    ],
    [
      33.96376836352886,
      70.66871938888039
    ],
    [
      36.18770676075618,
      3.510589795136143
    ],
    [
      85.5058253240408,
      65.72535081404925
    ],
    [
      76.56829941452386,
      55.40872380043942
    ],
    [
      88.50929366105996,
      90.41976153973623
    ],
    [
      1.0421700558954194,
      7.455673614242797
    ],
    [
      24.46292097597853,
      13.330475245148477
    ],
    [
      69.79251004097192,
      39.82048835259351
    ],
    [
      88.31221914041427,
      18.1007510273703
    ],
    [
      43.24991717920135,
      1.8143202754672627
    ],
    [
      69.14378616888425,
      46.96906520358368
    ],
    [
      12.822218965364772,
      89.13370512894592
    ],
    [
      91.82036244711152,
      7.312099367876845
    ],
    [
      4.54479432300452,
      43.85728957416531
    ],
    [
      60.17209299004595,
      31.022703396560015
    ],
    [
      68.19082419851493,
      20.901315084151516
    ],
    [
      51.960429722353474,
      56.598883056907034
    ],
    [
      44.1167392587577,
      13.755615720926729
    ],
    [
      21.35431911374628,
      13.337189210614298
    ],
    [
      32.22967014983108,
      23.388711517462912
    ],
    [
      52.749815601982064,
      56.59711619765536
    ],
    [
      43.82252847860598,
      32.18726240801089
    ],
    [
      55.9640810692266,
      86.53455811845066
    ],
    [
      84.72828773752214,
      10.781716598511137
    ],
    [
      31.63194839742879,
      40.94786588012881
    ],
    [
      68.70890139224495,
      70.22352874732766
    ],
    [
      44.619794415216376,
      42.03220780992133
    ],
    [
      80.26305910699382,
      53.861756531867485
    ],
    [
      92.35004894140457,
      6.190753722469145
    ]
  ],
  "distances": [
    [
      0.0,
      47.20713168101701,
      23.954732403177914,
      67.47233815883656,
      83.95989541769777,
      77.01155879212106,
      26.99462985544036,
      10.076899256131728,
      86.91049802700377,
      40.90118885186737,
      106.85783455866213,
      66.98143890712326,
      30.245722027130263,
      57.84643129589762,
      45.31627054618906,
      82.24449639911869,
      64.44386296761695,
      40.936951367047484,
      28.664736407843733,
      23.883318876031847,
      24.137844811899576,
      35.669738628186586,
      93.73896401309092,
      26.79086082982385,
      68.88622378334145,
      20.19931714144729,
      9.817898653215275,
      47.046436662960566,
      21.361567143478062,
      44.04294500955,
      35.19765194915681,
      46.82603712298939,
      29.862215584920612,
      75.61973578683752,
      19.38266860535004,
      44.77328586255185,
      58.81830838384576,
      36.909162078128396,
      44.9064784399382,
      27.508442881723482
    ],
    [
      47.20713168101701,
      0.0,
      28.085203421108496,
      91.3535964252799,
      80.22348750356288,
      78.74590268388498,
      63.361551407595115,
      46.150764386543585,
      47.49146890565152,
      6.944980371795226,
      104.81564865532447,
      65.0604255720416,
      73.8990412020287,
      19.928489096618435,
      19.810634365480183,
      42.701167584423,
      102.44535262974617,
      78.71905576600943,
      26.596649452470466,
      30.85810951455901,
      69.52989881841708,
      25.914668459680374,
      91.82504645689951,
      41.03263044544738,
      90.58856486967322,
      38.86735980527472,
      38.295077297538384,
      43.87550994711264,
      61.47942868509642,
      81.51444020340314,
      67.52937429769051,
      43.100575155626785,
      53.656786631161964,
      54.71821813162894,
      38.82847736907149,
      63.811966792793754,
      34.30602202067063,
      50.78675220360495,
      15.806677631905918,
      42.11363462310293
    ],
    [
      23.954732403177914,
      28.085203421108496,
      0.0,
      85.2060293673759,
      89.71694990109354,
      85.07595724523314,
      48.12611237133793,
      19.235903698138358,
      74.04234521606334,
      21.140233656946297,
      114.1888927313961,
      72.6843514696378,
      54.04804404378039,
      44.52615740986608,
      35.805112836451876,
      69.19799936488145,
      87.29932993109347,
      63.279946755115525,
      25.49823148375308,
      3.308532755186528,
      48.09239792538528,
      31.465441748836263,
      100.74514821080162,
      14.653000877812167,
      85.74133300789302,
      28.790765729770964,
      19.05952029374337,
      49.95899088448151,
      43.77412246426705,
      66.36454794051737,
      55.0599893128246,
      49.403327566261645,
      44.785199632958054,
      72.40792685103276,
      10.750866237531323,
      59.00635368988572,
      52.380564658823396,
      47.43114181609899,
      33.36764934999398,
      15.884386000679958
    ],
    [
      67.47233815883656,
      91.3535964252799,
      85.2060293673759,
      0.0,
      48.440461011733596,
      38.326851858851654,
      41.19606259914378,
      77.54350941492007,
      101.0900777389613,
      89.06205361754928,
      58.495060497332275,
      43.02833204697896,
      48.40006757024041,
      85.48651335227862,
      74.17558423580363,
      98.49037392226538,
      32.40562606667316,
      33.349808935442866,
      65.72162523663896,
      86.97101415060463,
      54.51411796918983,
      65.47541034535564,
      50.18319920142542,
      93.54246800030096,
      4.164884746181037,
      56.77120906853381,
      66.824237544686,
      50.77712539980619,
      47.72614302256277,
      31.53946570628218,
      32.55158538295001,
      51.521708903439844,
      40.45887778075325,
      69.88955907215026,
      85.69128490633386,
      27.588348264844928,
      71.47420655921003,
      40.61473424913765,
      77.49348703124468,
      94.43182896603881
    ],
    [
      83.95989541769777,
      80.22348750356288,
      89.71694990109354,
      48.440461011733596,
      0.0,
      10.263217885483982,
      67.83858710862638,
      92.56049361424814,
      66.15670762058893,
      81.78995711365134,
      24.770510143738885,
      17.199672866964747,
      81.68445290389276,
      64.87122258030749,
      60.52725661385796,
      65.49455464317249,
      79.88562054547299,
      70.85292565849575,
      64.24612710083825,
      92.68524005623027,
      84.73842504537699,
      59.03095274543642,
      11.604268770590455,
      102.9611164706405,
      44.471302790739124,
      64.68109899556003,
      77.57216771465698,
      39.762466080109746,
      73.42714395377685,
      70.86396344557087,
      61.43584612178616,
      40.336109021909024,
      55.886135677120755,
      32.736075491497346,
      95.6987380877157,
      44.01938412617948,
      47.490899992017624,
      47.2218898168208,
      64.51449991542958,
      104.15124474918622
    ],
    [
      77.01155879212106,
      78.74590268388498,
      85.07595724523314,
      38.326851858851654,
      10.263217885483982,
      0.0,
      58.99916827036363,
      86.05601153066715,
      71.00726225196358,
      79.4492728496009,
      29.850940670656957,
      13.730001382827497,
      72.41026994495888,
      65.35553147567889,
      58.95104538495069,
      69.7032521203483,
      69.62635376169446,
      61.032081536649834,
      59.95371218020893,
      87.87886426059508,
      75.8591708106427,
      55.58854066790918,
      16.84650166437749,
      97.65863724525167,
      34.42075625668339,
      58.529752404332825,
      71.4167589097354,
      35.890863676011136,
      64.86262426901479,
      60.9131906398512,
      52.146948558677586,
      36.581138244182604,
      47.99258475841096,
      37.33577309203774,
      90.14656677520125,
      35.04506746359091,
      48.168993902585036,
      40.11922894641325,
      62.947068167820305,
      98.81394584828384
    ],
    [
      26.99462985544036,
      63.361551407595115,
      48.12611237133793,
      41.19606259914378,
      67.83858710862638,
      58.99916827036363,
      0.0,
      36.90083318406054,
      91.47278456140732,
      58.726466705122704,
      87.83665736525961,
      52.70536108158648,
      15.023317186866496,
      66.32513611967468,
      52.7050184397679,
      87.41782509964379,
      39.66344531767276,
      15.54344781148726,
      37.43388617487921,
      49.096965231641086,
      16.89997143655599,
      41.49567852821821,
      75.66077371396787,
      53.72509990997233,
      43.11650066076002,
      24.554978516731413,
      29.098687939258383,
      40.434395246504536,
      6.633568084851996,
      18.5179841068872,
      8.686643985875376,
      40.68844215205477,
      14.702111425582087,
      70.33224399365308,
      46.11761009646116,
      23.954288465446865,
      59.779972040759034,
      24.41228052860117,
      54.358451187087184,
      54.48053171864966
    ],
    [
      10.076899256131728,
      46.150764386543585,
      19.235903698138358,
      77.54350941492007,
      92.56049361424814,
      86.05601153066715,
      36.90083318406054,
      0.0,
      89.4374457989942,
      39.34548394259621,
      115.89432255836782,
      75.4347090653421,
      38.32163283333685,
      59.81589735898938,
      48.50109125662962,
      84.65343997165019,
      73.31345918883714,
      50.296319084661164,
      33.177343476848705,
      17.860284957993812,
      31.526495338557417,
      40.34866050506724,
      102.65946223075674,
      17.470005757242127,
      78.96112485105415,
      27.93250364763619,
      15.244482504316338,
      54.457928517200344,
      30.99182387851929,
      53.382125930034924,
      45.215215093997884,
      54.1364890945181,
      39.60646866385093,
      81.6736337375801,
      11.056503876154009,
      54.59363999025657,
      63.5166692636432,
      45.98157192067706,
      47.27431149321679,
      18.012464315787966
    ],
    [
      86.91049802700377,
      47.49146890565152,
      74.04234521606334,
      101.0900777389613,
      66.15670762058893,
      71.00726225196358,
      91.47278456140732,
      89.4374457989942,
      0.0,
      53.91627745745946,
      85.68594897344698,
      59.85673845081418,
      105.63557242253835,
      29.693870312880332,
      41.6130917842637,
      4.844739961701059,
      123.95624562237624,
      104.01077786174378,
      58.52576127481194,
      77.16400680806991,
      103.84386211793397,
      52.0424131855036,
      75.95931387497433,
      88.0137274785652,
      98.47250792410799,
      70.2238038226687,
      77.09544579990363,
      53.222465946969685,
      92.82540945102497,
      105.9487912693993,
      91.30315664075395,
      52.68443574086895,
      77.31636960946393,
      33.71931560579896,
      84.56838569002993,
      78.66448930126286,
      31.938545406224435,
      69.00799543815006,
      42.22068250004688,
      89.15540329360462
    ],
    [
      40.90118885186737,
      6.944980371795226,
      21.140233656946297,
      89.06205361754928,
      81.78995711365134,
      79.4492728496009,
      58.726466705122704,
      39.34548394259621,
      53.91627745745946,
      0.0,
      106.53297603858519,
      65.93248450851378,
      68.46249661010962,
      25.350957178630146,
      21.587663778162717,
      49.09312564905282,
      98.17961822227467,
      74.22243421470802,
      23.385364848493573,
      23.929143387556596,
      63.75607088264594,
      24.57699669536781,
      93.33644197509476,
      34.25544438033545,
      88.5997772616922,
      34.58136076605893,
      32.36147251638552,
      43.82147146558903,
      56.3285827961982,
      77.10430749227919,
      63.53365325334708,
      43.080374358613454,
      50.17185101340158,
      58.34701125524045,
      31.88398266533219,
      61.48527629970299,
      37.6589015422633,
      48.49701556644144,
      17.80182361882957,
      35.360602391007696
    ],
    [
      106.85783455866213,
      104.81564865532447,
      114.1888927313961,
      58.495060497332275,
      24.770510143738885,
      29.850940670656957,
      87.83665736525961,
      115.89432255836782,
      85.68594897344698,
      106.53297603858519,
      0.0,
      41.51137688511027,
      100.3732954561213,
      88.76264274438944,
      85.19751823201926,
      85.96417902414136,
      90.76605265045787,
      87.56906657287261,
      88.78818371890883,
      117.09778169126697,
      104.49398507103852,
      83.74588049381192,
      13.443748562569047,
      127.15450099873598,
      54.37039899180803,
      88.28058209247368,
      101.18617901950611,
      64.32718977261278,
      93.96961750673594,
      86.84925294268024,
      80.35842994297919,
      64.9323926102092,
      77.6714094629117,
      54.33358090982075,
      119.74391694490419,
      64.06053257350027,
      71.51146507140012,
      69.97016449627247,
      89.17090478456657,
      128.3271076128426
    ],
    [
      66.98143890712326,
      65.0604255720416,
      72.6843514696378,
      43.02833204697896,
      17.199672866964747,
      13.730001382827497,
      52.70536108158648,
      75.4347090653421,
      59.85673845081418,
      65.93248450851378,
      41.51137688511027,
      0.0,
      67.19494231357602,
      51.77857209876771,
      45.25498349833348,
      58.0113609220512,
      71.27216000119262,
      58.120051123237396,
      47.279087218949975,
      75.61180727574407,
      69.4777722519656,
      42.418242081535794,
      28.069927134494584,
      85.798873998662,
      39.80362800432189,
      47.525602192841546,
      60.401042063540594,
      22.84382004991128,
      57.81162674686299,
      58.701810559507265,
      47.31179811565028,
      23.471804089517487,
      39.72427069660494,
      27.124501797106202,
      78.50789470165554,
      29.8121874011783,
      34.747985033531144,
      30.554879915098656,
      49.255439535394586,
      86.9848596952213
    ],
    [
      30.245722027130263,
      73.8990412020287,
      54.04804404378039,
      48.40006757024041,
      81.68445290389276,
      72.41026994495888,
      15.023317186866496,
      38.32163283333685,
      105.63557242253835,
      68.46249661010962,
      100.3732954561213,
      67.19494231357602,
      0.0,
      79.39114123920042,
      65.75719410301761,
      101.4433466970527,
      35.36626127557862,
      15.293814172739511,
      49.47415018729319,
      54.12797424252748,
      7.26306727751803,
      54.541197775456695,
      88.75395145785609,
      55.762387446631124,
      51.27504354559176,
      36.49886542912529,
      36.42302639557807,
      55.38181715212212,
      12.954926189464972,
      17.79301675261229,
      20.268344210148562,
      55.610095618996944,
      29.675613806783367,
      85.34684702400823,
      49.082148348994785,
      37.71345350042861,
      74.21754727756777,
      39.43368048622298,
      66.91693863436309,
      56.22625683694064
    ],
    [
      57.84643129589762,
      19.928489096618435,
      44.52615740986608,
      85.48651335227862,
      64.87122258030749,
      65.35553147567889,
      66.32513611967468,
      59.81589735898938,
      29.693870312880332,
      25.350957178630146,
      88.76264274438944,
      51.77857209876771,
      79.39114123920042,
      0.0,
      13.649621325195458,
      24.876389270559358,
      102.61317820935938,
      80.44537996135809,
      30.29802264723005,
      47.70721487462793,
      76.61711034520076,
      24.89004972305668,
      76.36005294022989,
      58.75356434798148,
      83.86239111271554,
      42.96593687740404,
      48.052090933611936,
      34.7647232089637,
      66.43726221758948,
      82.82472592913949,
      68.04953884543033,
      34.00412975101022,
      53.500472987029575,
      36.13499359698851,
      54.94913562112965,
      59.29855288920964,
      17.388796918992664,
      47.25497380055778,
      12.970407352848444,
      59.92671898061213
    ],
    [
      45.31627054618906,
      19.810634365480183,
      35.805112836451876,
      74.17558423580363,
      60.52725661385796,
      58.95104538495069,
      52.7050184397679,
      48.50109125662962,
      41.6130917842637,
      21.587663778162717,
      85.19751823201926,
      45.25498349833348,
      65.75719410301761,
      13.649621325195458,
      0.0,
      36.991351789009734,
      89.46335136834618,
      66.97424477890638,
      16.997188179584857,
      39.112715106014114,
      63.10685132358137,
      11.240606485691021,
      72.11752310110751,
      50.45701842714254,
      72.94395738066348,
      29.385601512518228,
      35.50976411225208,
      24.636633898375678,
      52.802321627243586,
      69.4161194780975,
      54.69182051892072,
      23.848112034667995,
      40.143763941459866,
      37.3276221532121,
      45.36689521261541,
      47.20584767296306,
      16.77046758104693,
      34.63579292776999,
      4.005540776865666,
      51.68628635068664
    ],
    [
      82.24449639911869,
      42.701167584423,
      69.19799936488145,
      98.49037392226538,
      65.49455464317249,
      69.7032521203483,
      87.41782509964379,
      84.65343997165019,
      4.844739961701059,
      49.09312564905282,
      85.96417902414136,
      58.0113609220512,
      101.4433466970527,
      24.876389270559358,
      36.991351789009734,
      0.0,
      120.55512264964163,
      100.22323041852752,
      53.95001794391079,
      72.31927903301016,
      99.4954038192842,
      47.570851290743725,
      75.69800008641892,
      83.173593695222,
      96.01094179641656,
      65.81039019739339,
      72.42689140711738,
      49.79629781982168,
      88.58944711696226,
      102.23264431347094,
      87.52461190804661,
      49.221048434525024,
      73.40252677938392,
      32.776297354527365,
      79.72775055057313,
      75.38236441233049,
      28.283269842861312,
      65.32720336893833,
      37.476500830200656,
      84.31652957163699
    ],
    [
      64.44386296761695,
      102.44535262974617,
      87.29932993109347,
      32.40562606667316,
      79.88562054547299,
      69.62635376169446,
      39.66344531767276,
      73.31345918883714,
      123.95624562237624,
      98.17961822227467,
      90.76605265045787,
      71.27216000119262,
      35.36626127557862,
      102.61317820935938,
      89.46335136834618,
      120.55512264964163,
      0.0,
      24.146322035934705,
      75.98743633727467,
      87.91688768573309,
      42.58308096788974,
      78.73460631827338,
      82.52315059682542,
      90.77830592922994,
      36.569741881099276,
      63.65337916371139,
      68.48158166764594,
      70.76527539539723,
      43.532835682502245,
      21.146527494099658,
      35.02173409376934,
      71.33415722568374,
      49.41467950963173,
      96.28024866911238,
      83.75218716282146,
      45.359249131342764,
      92.29620884821671,
      55.628644256237365,
      91.81216582677864,
      91.31664015338832
    ],
    [
      40.936951367047484,
      78.71905576600943,
      63.279946755115525,
      33.349808935442866,
      70.85292565849575,
      61.032081536649834,
      15.54344781148726,
      50.296319084661164,
      104.01077786174378,
      74.22243421470802,
      87.56906657287261,
      58.120051123237396,
      15.293814172739511,
      80.44537996135809,
      66.97424477890638,
      100.22323041852752,
      24.146322035934705,
      0.0,
      52.502308894312236,
      64.02724738054471,
      22.035722171638074,
      55.927939786642874,
      76.69182227666616,
      67.62577740578833,
      36.45021484768205,
      39.85172396386203,
      44.37845351189409,
      51.26663731728087,
      19.65841594627221,
      3.1086091126428395,
      12.707891628403235,
      51.69284889513997,
      27.025410723267125,
      79.6941706559629,
      60.31923906633913,
      28.53270438732727,
      72.07306237283424,
      35.0726246389573,
      68.96694989763955,
      68.2615394407095
    ],
    [
      28.664736407843733,
      26.596649452470466,
      25.49823148375308,
      65.72162523663896,
      64.24612710083825,
      59.95371218020893,
      37.43388617487921,
      33.177343476848705,
      58.52576127481194,
      23.385364848493573,
      88.78818371890883,
      47.279087218949975,
      49.47415018729319,
      30.29802264723005,
      16.997188179584857,
      53.95001794391079,
      75.98743633727467,
      52.502308894312236,
      0.0,
      28.54341630927633,
      46.35707117293417,
      7.177951912400154,
      75.34857274076882,
      39.26858332061799,
      65.37247257458733,
      13.036619361105718,
      18.986851100149735,
      24.484640437290384,
      36.58719435220221,
      55.20528483529382,
      40.99963695750264,
      23.914612177337947,
      27.068544118047352,
      48.71785875750262,
      32.65467379084438,
      38.17721106943574,
      30.422344961350905,
      25.26969162718611,
      17.51541063824266,
      40.49446397394485
    ],
    [
      23.883318876031847,
      30.85810951455901,
      3.308532755186528,
      86.97101415060463,
      92.68524005623027,
      87.87886426059508,
      49.096965231641086,
      17.860284957993812,
      77.16400680806991,
      23.929143387556596,
      117.09778169126697,
      75.61180727574407,
      54.12797424252748,
      47.70721487462793,
      39.112715106014114,
      72.31927903301016,
      87.91688768573309,
      64.02724738054471,
      28.54341630927633,
      0.0,
      47.91512167030432,
      34.65268223327888,
      103.65529747593956,
      11.344693653431793,
      87.63778145556249,
      30.96519905943204,
      20.315356099365502,
      52.94864269892741,
      44.40856497119912,
      67.12713234723589,
      56.3312952755921,
      52.408536296620916,
      46.666501669402095,
      75.69404196931104,
      8.149406682173995,
      61.11173167725878,
      55.68728781310663,
      49.81709146570273,
      36.65567475761824,
      12.575854058652165
    ],
    [
      24.137844811899576,
      69.52989881841708,
      48.09239792538528,
      54.51411796918983,
      84.73842504537699,
      75.8591708106427,
      16.89997143655599,
      31.526495338557417,
      103.84386211793397,
      63.75607088264594,
      104.49398507103852,
      69.4777722519656,
      7.26306727751803,
      76.61711034520076,
      63.10685132358137,
      99.4954038192842,
      42.58308096788974,
      22.035722171638074,
      46.35707117293417,
      47.91512167030432,
      0.0,
      52.05231446130054,
      92.46902070305617,
      48.88060687503781,
      57.14628424284957,
      33.756327980419755,
      31.40640402486068,
      55.47270813578445,
      11.972715541319664,
      24.7425488408235,
      24.22602324053708,
      55.600384882618044,
      30.378339281255148,
      85.66894807101403,
      42.43665185883441,
      40.8217048909813,
      72.99301117851256,
      40.241210734466584,
      63.86633147622426,
      49.29478784599599
    ],
    [
      35.669738628186586,
      25.914668459680374,
      31.465441748836263,
      65.47541034535564,
      59.03095274543642,
      55.58854066790918,
      41.49567852821821,
      40.34866050506724,
      52.0424131855036,
      24.57699669536781,
      83.74588049381192,
      42.418242081535794,
      54.541197775456695,
      24.89004972305668,
      11.240606485691021,
      47.570851290743725,
      78.73460631827338,
      55.927939786642874,
      7.177951912400154,
      34.65268223327888,
      52.05231446130054,
      0.0,
      70.35606436048006,
      45.682623074826594,
      64.67389655086414,
      18.296932348776853,
      26.085163078005202,
      19.697744303770314,
      41.587092992642326,
      58.437455832886734,
      43.80279718728779,
      19.01214445802734,
      29.320091829745007,
      41.70291184210439,
      39.4005188824706,
      37.99200987424548,
      23.25852960692637,
      25.01596954865688,
      13.082332529758395,
      46.91909333222521
    ],
    [
      93.73896401309092,
      91.82504645689951,
      100.74514821080162,
      50.18319920142542,
      11.604268770590455,
      16.84650166437749,
      75.66077371396787,
      102.65946223075674,
      75.95931387497433,
      93.33644197509476,
      13.443748562569047,
      28.069927134494584,
      88.75395145785609,
      76.36005294022989,
      72.11752310110751,
      75.69800008641892,
      82.52315059682542,
      76.69182227666616,
      75.34857274076882,
      103.65529747593956,
      92.46902070305617,
      70.35606436048006,
      0.0,
      113.73425975880117,
      46.02683526160725,
      74.95931624884618,
      87.87116419331988,
      50.89512932017851,
      81.61619547122322,
      76.27521588497741,
      68.5496414757319,
      51.50575300352566,
      64.83761661632457,
      43.220085966721484,
      106.34621212313867,
      51.726985466198386,
      58.99928849966643,
      56.82989401875641,
      76.10766897523342,
      114.90956848198093
    ],
    [
      26.79086082982385,
      41.03263044544738,
      14.653000877812167,
      93.54246800030096,
      102.9611164706405,
      97.65863724525167,
      53.72509990997233,
      17.470005757242127,
      88.0137274785652,
      34.25544438033545,
      127.15450099873598,
      85.798873998662,
      55.762387446631124,
      58.75356434798148,
      50.45701842714254,
      83.173593695222,
      90.77830592922994,
      67.62577740578833,
      39.26858332061799,
      11.344693653431793,
      48.88060687503781,
      45.682623074826594,
      113.73425975880117,
      0.0,
      94.61805175863347,
      39.54498328526687,
      27.258427350552264,
      63.38770608904766,
      48.13683172258504,
      70.72315724480042,
      61.72121245307302,
      62.892928972095156,
      54.06076027898123,
      86.9590184209575,
      7.895300337131685,
      68.94932903721961,
      67.02229165476395,
      58.59504716920101,
      47.96292153925322,
      1.2401547640158743
    ],
    [
      68.88622378334145,
      90.58856486967322,
      85.74133300789302,
      4.164884746181037,
      44.471302790739124,
      34.42075625668339,
      43.11650066076002,
      78.96112485105415,
      98.47250792410799,
      88.5997772616922,
      54.37039899180803,
      39.80362800432189,
      51.27504354559176,
      83.86239111271554,
      72.94395738066348,
      96.01094179641656,
      36.569741881099276,
      36.45021484768205,
      65.37247257458733,
      87.63778145556249,
      57.14628424284957,
      64.67389655086414,
      46.02683526160725,
      94.61805175863347,
      0.0,
      57.08872882927598,
      67.65939612278939,
      49.09776659689767,
      49.71971032462909,
      34.843028712954734,
      34.429856770107605,
      49.86007680402492,
      40.97474752157582,
      66.82284265048337,
      86.73745525333224,
      27.242956192069546,
      69.37010310017818,
      40.116537186513945,
      76.37633783447639,
      95.54334441325138
    ],
    [
      20.19931714144729,
      38.86735980527472,
      28.790765729770964,
      56.77120906853381,
      64.68109899556003,
      58.529752404332825,
      24.554978516731413,
      27.93250364763619,
      70.2238038226687,
      34.58136076605893,
      88.28058209247368,
      47.525602192841546,
      36.49886542912529,
      42.96593687740404,
      29.385601512518228,
      65.81039019739339,
      63.65337916371139,
      39.85172396386203,
      13.036619361105718,
      30.96519905943204,
      33.756327980419755,
      18.296932348776853,
      74.95931624884618,
      39.54498328526687,
      57.08872882927598,
      0.0,
      12.912883162339611,
      26.86209931558437,
      23.57809789263753,
      42.656734295217916,
      28.966477628311697,
      26.6296975526609,
      16.390987078418693,
      55.67111799658824,
      31.823014424073126,
      30.216695777214554,
      40.11959379003285,
      19.054741624815282,
      30.418239061946792,
      40.64537579878131
    ],
    [
      9.817898653215275,
      38.295077297538384,
      19.05952029374337,
      66.824237544686,
      77.57216771465698,
      71.4167589097354,
      29.098687939258383,
      15.244482504316338,
      77.09544579990363,
      32.36147251638552,
      101.18617901950611,
      60.401042063540594,
      36.42302639557807,
      48.052090933611936,
      35.50976411225208,
      72.42689140711738,
      68.48158166764594,
      44.37845351189409,
      18.986851100149735,
      20.315356099365502,
      31.40640402486068,
      26.085163078005202,
      87.87116419331988,
      27.258427350552264,
      67.65939612278939,
      12.912883162339611,
      0.0,
      39.214054419574026,
      25.11219992506107,
      47.443378977327015,
      36.04707674041851,
      38.89235096536367,
      26.85491469526316,
      66.76238341123673,
      19.387985295397964,
      41.694311346452764,
      49.32493451201596,
      31.65609060565027,
      35.101703037228965,
      28.28548666283246
    ],
    [
      47.046436662960566,
      43.87550994711264,
      49.95899088448151,
      50.77712539980619,
      39.762466080109746,
      35.890863676011136,
      40.434395246504536,
      54.457928517200344,
      53.222465946969685,
      43.82147146558903,
      64.32718977261278,
      22.84382004991128,
      55.38181715212212,
      34.7647232089637,
      24.636633898375678,
      49.79629781982168,
      70.76527539539723,
      51.26663731728087,
      24.484640437290384,
      52.94864269892741,
      55.47270813578445,
      19.697744303770314,
      50.89512932017851,
      63.38770608904766,
      49.09776659689767,
      26.86209931558437,
      39.214054419574026,
      0.0,
      43.55535599798239,
      52.99347281540115,
      38.629242381749975,
      0.7893878569807224,
      25.732327126760218,
      30.202216234866672,
      56.32890253838265,
      25.65543785721886,
      21.590328238974386,
      16.31174283954764,
      28.434674109234702,
      64.59334984081069
    ],
    [
      21.361567143478062,
      61.47942868509642,
      43.77412246426705,
      47.72614302256277,
      73.42714395377685,
      64.86262426901479,
      6.633568084851996,
      30.99182387851929,
      92.82540945102497,
      56.3285827961982,
      93.96961750673594,
      57.81162674686299,
      12.954926189464972,
      66.43726221758948,
      52.802321627243586,
      88.58944711696226,
      43.532835682502245,
      19.65841594627221,
      36.58719435220221,
      44.40856497119912,
      11.972715541319664,
      41.587092992642326,
      81.61619547122322,
      48.13683172258504,
      49.71971032462909,
      23.57809789263753,
      25.11219992506107,
      43.55535599798239,
      0.0,
      22.7662656490377,
      15.300292370593462,
      43.70267921129642,
      18.43399467236166,
      73.73692402369515,
      40.72028911775232,
      29.921371485474182,
      61.590580773011915,
      28.281066540316896,
      53.991286049861756,
      48.822938256498084
    ],
    [
      44.04294500955,
      81.51444020340314,
      66.36454794051737,
      31.53946570628218,
      70.86396344557087,
      60.9131906398512,
      18.5179841068872,
      53.382125930034924,
      105.9487912693993,
      77.10430749227919,
      86.84925294268024,
      58.701810559507265,
      17.79301675261229,
      82.82472592913949,
      69.4161194780975,
      102.23264431347094,
      21.146527494099658,
      3.1086091126428395,
      55.20528483529382,
      67.12713234723589,
      24.7425488408235,
      58.437455832886734,
      76.27521588497741,
      70.72315724480042,
      34.843028712954734,
      42.656734295217916,
      47.443378977327015,
      52.99347281540115,
      22.7662656490377,
      0.0,
      14.808995943113295,
      53.45183329565927,
      29.328240513375135,
      80.96721829015063,
      63.425470746369214,
      29.461485533511055,
      74.0169716258193,
      36.94166256975844,
      71.50160980122632,
      71.35450366969187
    ],
    [
      35.19765194915681,
      67.52937429769051,
      55.0599893128246,
      32.55158538295001,
      61.43584612178616,
      52.146948558677586,
      8.686643985875376,
      45.215215093997884,
      91.30315664075395,
      63.53365325334708,
      80.35842994297919,
      47.31179811565028,
      20.268344210148562,
      68.04953884543033,
      54.69182051892072,
      87.52461190804661,
      35.02173409376934,
      12.707891628403235,
      40.99963695750264,
      56.3312952755921,
      24.22602324053708,
      43.80279718728779,
      68.5496414757319,
      61.72121245307302,
      34.429856770107605,
      28.966477628311697,
      36.04707674041851,
      38.629242381749975,
      15.300292370593462,
      14.808995943113295,
      0.0,
      39.03683530693619,
      14.553654592734025,
      67.45902611694152,
      53.99112120992766,
      17.56932478000289,
      59.365262713074394,
      22.38515430633884,
      56.884206306847695,
      62.531829481957956
    ],
    [
      46.82603712298939,
      43.100575155626785,
      49.403327566261645,
      51.521708903439844,
      40.336109021909024,
      36.581138244182604,
      40.68844215205477,
      54.1364890945181,
      52.68443574086895,
      43.080374358613454,
      64.9323926102092,
      23.471804089517487,
      55.610095618996944,
      34.00412975101022,
      23.848112034667995,
      49.221048434525024,
      71.33415722568374,
      51.69284889513997,
      23.914612177337947,
      52.408536296620916,
      55.600384882618044,
      19.01214445802734,
      51.50575300352566,
      62.892928972095156,
      49.86007680402492,
      26.6296975526609,
      38.89235096536367,
      0.7893878569807224,
      43.70267921129642,
      53.45183329565927,
      39.03683530693619,
      0.0,
      25.991102658698747,
      30.109499020324346,
      55.87193857879622,
      26.284279536821085,
      20.9850312898227,
      16.680341748307917,
      27.648883533829913,
      64.10132493573413
    ],
    [
      29.862215584920612,
      53.656786631161964,
      44.785199632958054,
      40.45887778075325,
      55.886135677120755,
      47.99258475841096,
      14.702111425582087,
      39.60646866385093,
      77.31636960946393,
      50.17185101340158,
      77.6714094629117,
      39.72427069660494,
      29.675613806783367,
      53.500472987029575,
      40.143763941459866,
      73.40252677938392,
      49.41467950963173,
      27.025410723267125,
      27.068544118047352,
      46.666501669402095,
      30.378339281255148,
      29.320091829745007,
      64.83761661632457,
      54.06076027898123,
      40.97474752157582,
      16.390987078418693,
      26.85491469526316,
      25.732327126760218,
      18.43399467236166,
      29.328240513375135,
      14.553654592734025,
      25.991102658698747,
      0.0,
      55.687034849673864,
      46.1679383549991,
      15.011942442977812,
      45.454252978485364,
      9.877174846092219,
      42.399244898978644,
      55.052145336079164
    ],
    [
      75.61973578683752,
      54.71821813162894,
      72.40792685103276,
      69.88955907215026,
      32.736075491497346,
      37.33577309203774,
      70.33224399365308,
      81.6736337375801,
      33.71931560579896,
      58.34701125524045,
      54.33358090982075,
      27.124501797106202,
      85.34684702400823,
      36.13499359698851,
      37.3276221532121,
      32.776297354527365,
      96.28024866911238,
      79.6941706559629,
      48.71785875750262,
      75.69404196931104,
      85.66894807101403,
      41.70291184210439,
      43.220085966721484,
      86.9590184209575,
      66.82284265048337,
      55.67111799658824,
      66.76238341123673,
      30.202216234866672,
      73.73692402369515,
      80.96721829015063,
      67.45902611694152,
      30.109499020324346,
      55.687034849673864,
      0.0,
      81.03007209426319,
      51.673970135740916,
      20.699761453013384,
      45.92550514334508,
      40.717960376179526,
      88.19901112152509
    ],
    [
      19.38266860535004,
      38.82847736907149,
      10.750866237531323,
      85.69128490633386,
      95.6987380877157,
      90.14656677520125,
      46.11761009646116,
      11.056503876154009,
      84.56838569002993,
      31.88398266533219,
      119.74391694490419,
      78.50789470165554,
      49.082148348994785,
      54.94913562112965,
      45.36689521261541,
      79.72775055057313,
      83.75218716282146,
      60.31923906633913,
      32.65467379084438,
      8.149406682173995,
      42.43665185883441,
      39.4005188824706,
      106.34621212313867,
      7.895300337131685,
      86.73745525333224,
      31.823014424073126,
      19.387985295397964,
      56.32890253838265,
      40.72028911775232,
      63.425470746369214,
      53.99112120992766,
      55.87193857879622,
      46.1679383549991,
      81.03007209426319,
      0.0,
      61.06732197991973,
      61.56256793226258,
      50.84569241872778,
      43.310831294059305,
      8.897650475164951
    ],
    [
      44.77328586255185,
      63.811966792793754,
      59.00635368988572,
      27.588348264844928,
      44.01938412617948,
      35.04506746359091,
      23.954288465446865,
      54.59363999025657,
      78.66448930126286,
      61.48527629970299,
      64.06053257350027,
      29.8121874011783,
      37.71345350042861,
      59.29855288920964,
      47.20584767296306,
      75.38236441233049,
      45.359249131342764,
      28.53270438732727,
      38.17721106943574,
      61.11173167725878,
      40.8217048909813,
      37.99200987424548,
      51.726985466198386,
      68.94932903721961,
      27.242956192069546,
      30.216695777214554,
      41.694311346452764,
      25.65543785721886,
      29.921371485474182,
      29.461485533511055,
      17.56932478000289,
      26.284279536821085,
      15.011942442977812,
      51.673970135740916,
      61.06732197991973,
      0.0,
      47.241558819472644,
      13.033032709330051,
      50.316533074239466,
      69.96245120926285
    ],
    [
      58.81830838384576,
      34.30602202067063,
      52.380564658823396,
      71.47420655921003,
      47.490899992017624,
      48.168993902585036,
      59.779972040759034,
      63.5166692636432,
      31.938545406224435,
      37.6589015422633,
      71.51146507140012,
      34.747985033531144,
      74.21754727756777,
      17.388796918992664,
      16.77046758104693,
      28.283269842861312,
      92.29620884821671,
      72.07306237283424,
      30.422344961350905,
      55.68728781310663,
      72.99301117851256,
      23.25852960692637,
      58.99928849966643,
      67.02229165476395,
      69.37010310017818,
      40.11959379003285,
      49.32493451201596,
      21.590328238974386,
      61.590580773011915,
      74.0169716258193,
      59.365262713074394,
      20.9850312898227,
      45.454252978485364,
      20.699761453013384,
      61.56256793226258,
      47.241558819472644,
      0.0,
      37.08147315232462,
      20.030131066168675,
      68.2576012970371
    ],
    [
      36.909162078128396,
      50.78675220360495,
      47.43114181609899,
      40.61473424913765,
      47.2218898168208,
      40.11922894641325,
      24.41228052860117,
