{
  "n": 20,
  "points": [
    [
      51.63986277024462,
      57.06675868681398
    ],
    [
      2.8474226478096942,
      17.152165622510307
    ],
    [
      68.52769816973125,
      83.38968626360766
    ],
    [
      30.69662196722378,
      89.36130796833973
    ],
    [
      72.15438617683047,
      18.993895420479678
    ],
    [
      55.422759112478715,
      35.21319540266141
    ],
    [
      18.189240266007868,
      78.56017618643588
    ],
    [
      96.54832224119693,
      23.23536618147607
    ],
    [
      8.356143366334368,
      60.35484222912185
    ],
    [
      72.89927572876178,
      27.62388284972628
    ],
    [
      68.53063287801783,
      51.78674741970474
    ],
    [
      4.848453742640057,
      13.786923756210612
    ],
    [
      18.696742613792104,
      99.4317901154097
    ],
    [
      52.066539668496695,
      57.87895354754169
    ],
    [
      73.48190582693819,
      54.19617722295935
    ],
    [
      91.31535576757686,
      80.79201509879171
    ],
    [
      40.299783069378734,
      35.72243428207879
    ],
    [
      95.28767147108732,
      34.36315778925598
    ],
    [
      86.5099816318328,
      83.0277712198797
    ],
    [
      53.81614492475574,
      92.24693725672236
    ]
  ],
  "distances": [
    [
      0.0,
      63.03869409014083,
      31.2745183926672,
      38.49100217752472,
      43.24798940871525,
      22.178560209142276,
      39.76067330584334,
      56.2257312171607,
      43.408430734335845,
      36.31591354900672,
      17.696797275621524,
      63.738372040779865,
      53.666051220379266,
      0.917449544822234,
      22.02986797125851,
      46.22804923848129,
      24.169766070786967,
      49.1994379856209,
      43.47297276657398,
      35.24742782426378
    ],
    [
      63.03869409014083,
      0.0,
      93.28080045387328,
      77.39339856249181,
      69.3314298299245,
      55.591067637639966,
      63.29545899390612,
      93.89815713660539,
      43.552465715848555,
      70.83021235152461,
      74.25522447890296,
      3.9152239094557864,
      83.7922284587098,
      63.884213503701865,
      79.75894313139304,
      108.97984048367546,
      41.80351874227411,
      94.02881395547465,
      106.48483079094088,
      90.75811466386305
    ],
    [
      31.2745183926672,
      93.28080045387328,
      0.0,
      38.29948553733267,
      64.49783519012652,
      49.927083826007106,
      50.56960066789568,
      66.36036164682906,
      64.42996234013552,
      55.936888729623526,
      31.602938980164183,
      94.33764211313712,
      52.34952939244043,
      30.360619606874383,
      29.610895690896324,
      22.935240009146774,
      55.39839440257523,
      55.85424482826445,
      17.985925080747098,
      17.17209055516482
    ],
    [
      38.49100217752472,
      77.39339856249181,
      38.29948553733267,
      0.0,
      81.67202067991265,
      59.52646430413389,
      16.525708601750306,
      93.32248714095053,
      36.61245742636266,
      74.78351185116048,
      53.32222784187773,
      79.87249432444746,
      15.6656220805741,
      38.05012513035823,
      55.38200913018627,
      61.22143144228299,
      54.49173766255393,
      84.8339566396122,
      56.171565803305676,
      23.298909806551443
    ],
    [
      43.24798940871525,
      69.3314298299245,
      64.49783519012652,
      81.67202067991265,
      0.0,
      23.302640110780334,
      80.37648149468286,
      24.759931157593833,
      76.03251742915228,
      8.662075009692007,
      32.992464748995864,
      67.5070447786622,
      96.58144002998459,
      43.76721744510803,
      35.227304076846615,
      64.70046639269678,
      35.97999098912207,
      27.77342460457053,
      65.62332185100561,
      75.51356984331767
    ],
    [
      22.178560209142276,
      55.591067637639966,
      49.927083826007106,
      59.52646430413389,
      23.302640110780334,
      0.0,
      57.14276567300022,
      42.83433594099561,
      53.36074140172409,
      19.053249015990865,
      21.130522499809356,
      54.925817975786146,
      73.97856577916352,
      22.91289595922719,
      26.200885077495652,
      58.01471623250361,
      15.131547463378828,
      39.873973984339074,
      57.03200035548772,
      57.05636615684402
    ],
    [
      39.76067330584334,
      63.29545899390612,
      50.56960066789568,
      16.525708601750306,
      80.37648149468286,
      57.14276567300022,
      0.0,
      95.92174065392736,
      20.691157027476738,
      74.75087932070845,
      57.01817515532883,
      66.13282706380967,
      20.877783087127337,
      39.69111216186036,
      60.42253975401212,
      73.16016589155272,
      48.20734627133096,
      88.86812999880793,
      68.46665689340172,
      38.16547869683571
    ],
    [
      56.2257312171607,
      93.89815713660539,
      66.36036164682906,
      93.32248714095053,
      24.759931157593833,
      42.83433594099561,
      95.92174065392736,
      0.0,
      95.68550525940438,
      24.052785275199025,
      40.00215354030674,
      92.18535104297308,
      108.93467524531336,
      56.38091101104344,
      38.60869573739079,
      57.79404617004388,
      57.61792280803479,
      11.198972561371642,
      60.62920074078269,
      81.17041283914689
    ],
    [
      43.408430734335845,
      43.552465715848555,
      64.42996234013552,
      36.61245742636266,
      76.03251742915228,
      53.36074140172409,
      20.691157027476738,
      95.68550525940438,
      0.0,
      72.36802910850528,
      60.78142345038378,
      46.69983851573665,
      40.42197235296887,
      43.78046104891613,
      65.41631364371678,
      85.43950466347073,
      40.33796770720437,
      90.73399714907869,
      81.37618905214003,
      55.531229654503186
    ],
    [
      36.31591354900672,
      70.83021235152461,
      55.936888729623526,
      74.78351185116048,
      8.662075009692007,
      19.053249015990865,
      74.75087932070845,
      24.052785275199025,
      72.36802910850528,
      0.0,
      24.554613916420607,
      69.44332804483417,
      89.96827297417892,
      36.733801800065265,
      26.578681044947565,
      56.26723994341783,
      33.59037744580474,
      23.380720489872708,
      57.0512240158992,
      67.38178568554251
    ],
    [
      17.696797275621524,
      74.25522447890296,
      31.602938980164183,
      53.32222784187773,
      32.992464748995864,
      21.130522499809356,
      57.01817515532883,
      40.00215354030674,
      60.78142345038378,
      24.554613916420607,
      0.0,
      74.15798364226869,
      68.94538934796466,
      17.555094437679735,
      5.506401346752894,
      36.88426697508685,
      32.4814260386092,
      31.929932506682377,
      36.04522922238679,
      43.05279453617615
    ],
    [
      63.738372040779865,
      3.9152239094557864,
      94.33764211313712,
      79.87249432444746,
      67.5070447786622,
      54.925817975786146,
      66.13282706380967,
      92.18535104297308,
      46.69983851573665,
      69.44332804483417,
      74.15798364226869,
      0.0,
      86.75723738307914,
      64.6038290631539,
      79.64583172236694,
      109.3901614022836,
      41.68888788470322,
      92.75038280414881,
      107.06493401055498,
      92.48680175142579
    ],
    [
      53.666051220379266,
      83.7922284587098,
      52.34952939244043,
      15.6656220805741,
      96.58144002998459,
      73.97856577916352,
      20.877783087127337,
      108.93467524531336,
      40.42197235296887,
      89.96827297417892,
      68.94538934796466,
      86.75723738307914,
      0.0,
      53.293354016313515,
      71.04698995767994,
      74.97268962128261,
      67.27238198268059,
      100.49924027583211,
      69.76909933518435,
      35.84682035104795
    ],
    [
      0.917449544822234,
      63.884213503701865,
      30.360619606874383,
      38.05012513035823,
      43.76721744510803,
      22.91289595922719,
      39.69111216186036,
      56.38091101104344,
      43.78046104891613,
      36.733801800065265,
      17.555094437679735,
      64.6038290631539,
      53.293354016313515,
      0.0,
      21.72972041138646,
      45.44752968898075,
      25.087206038610894,
      49.20425677156722,
      42.64755238695655,
      34.41248934307481
    ],
    [
      22.02986797125851,
      79.75894313139304,
      29.610895690896324,
      55.38200913018627,
      35.227304076846615,
      26.200885077495652,
      60.42253975401212,
      38.60869573739079,
      65.41631364371678,
      26.578681044947565,
      5.506401346752894,
      79.64583172236694,
      71.04698995767994,
      21.72972041138646,
      0.0,
      32.021407356686005,
      37.978052200494425,
      29.476093282272164,
      31.638450840414638,
      42.83225993347566
    ],
    [
      46.22804923848129,
      108.97984048367546,
      22.935240009146774,
      61.22143144228299,
      64.70046639269678,
      58.01471623250361,
      73.16016589155272,
      57.79404617004388,
      85.43950466347073,
      56.26723994341783,
      36.88426697508685,
      109.3901614022836,
      74.97268962128261,
      45.44752968898075,
      32.021407356686005,
      0.0,
      68.07243034238866,
      46.59847726179027,
      5.300021322359031,
      39.20976989831238
    ],
    [
      24.169766070786967,
      41.80351874227411,
      55.39839440257523,
      54.49173766255393,
      35.97999098912207,
      15.131547463378828,
      48.20734627133096,
      57.61792280803479,
      40.33796770720437,
      33.59037744580474,
      32.4814260386092,
      41.68888788470322,
      67.27238198268059,
      25.087206038610894,
      37.978052200494425,
      68.07243034238866,
      0.0,
      55.00468619547518,
      66.13000343248368,
      58.11808216326465
    ],
    [
      49.1994379856209,
      94.02881395547465,
      55.85424482826445,
      84.8339566396122,
      27.77342460457053,
      39.873973984339074,
      88.86812999880793,
      11.198972561371642,
      90.73399714907869,
      23.380720489872708,
      31.929932506682377,
      92.75038280414881,
      100.49924027583211,
      49.20425677156722,
      29.476093282272164,
      46.59847726179027,
      55.00468619547518,
      0.0,
      49.449898273567705,
      71.20687775433893
    ],
    [
      43.47297276657398,
      106.48483079094088,
      17.985925080747098,
      56.171565803305676,
      65.62332185100561,
      57.03200035548772,
      68.46665689340172,
      60.62920074078269,
      81.37618905214003,
      57.0512240158992,
      36.04522922238679,
      107.06493401055498,
      69.76909933518435,
      42.64755238695655,
      31.638450840414638,
      5.300021322359031,
      66.13000343248368,
      49.449898273567705,
      0.0,
      33.96880894355722
    ],
    [
      35.24742782426378,
      90.75811466386305,
      17.17209055516482,
      23.298909806551443,
      75.51356984331767,
      57.05636615684402,
      38.16547869683571,
      81.17041283914689,
      55.531229654503186,
      67.38178568554251,
      43.05279453617615,
      92.48680175142579,
      35.84682035104795,
      34.41248934307481,
      42.83225993347566,
      39.20976989831238,
      58.11808216326465,
      71.20687775433893,
      33.96880894355722,
      0.0
    ]
  ]
}