{
  "n": 75,
  "points": [
    [
      30.623217954880545,
      26.506356560750575
    ],
    [
      19.606006315115142,
      43.05214765670476
    ],
    [
      2.3113551992055226,
      19.578191508398636
    ],
    [
      35.28052884687256,
      22.32420193457386
    ],
    [
      61.35218556965458,
      58.04571115888542
    ],
    [
      85.3567678544551,
      4.113053653818566
    ],
    [
      48.817443749109536,
      92.0826156293208
    ],
    [
      10.910188331885672,
      41.10566223043563
    ],
    [
      47.01268224745551,
      12.729654869520868
    ],
    [
      98.23550002909744,
      2.031596620537346
    ],
    [
      70.54860480119652,
      96.55091423448397
    ],
    [
      35.27453916335838,
      60.58947579288002
    ],
    [
      21.738033605147855,
      99.19695462876366
    ],
    [
      66.91795634386895,
      69.30397418519743
    ],
    [
      17.547092681638354,
      83.04488052874636
    ],
    [
      24.618776642934126,
      60.41956932835899
    ],
    [
      81.85120565360069,
      41.77464517045397
    ],
    [
      6.146904464630431,
      90.72540528790857
    ],
    [
      73.3865411760651,
      38.03659771279406
    ],
    [
      39.41915709925053,
      87.86033770791212
    ],
    [
      11.182946783626214,
      43.42867788622053
    ],
    [
      56.85616868339765,
      1.962086328262369
    ],
    [
      36.514669021907544,
      46.95389079352754
    ],
    [
      24.526652716463737,
      54.96497701736692
    ],
    [
      43.613519145846944,
      93.17510591499547
    ],
    [
      29.48921079231972,
      42.123399121659276
    ],
    [
      24.98152520531276,
      44.20345663556196
    ],
    [
      58.338587494772774,
      76.02082949803382
    ],
    [
      73.34281666444777,
      72.2101157175935
    ],
    [
      73.85050038380734,
      51.174205857586166
    ],
    [
      26.014157704754727,
      77.06817055495284
    ],
    [
      50.64265511976615,
      36.54179528258079
    ],
    [
      19.21008565564577,
      16.437640402808906
    ],
    [
      10.972907852200553,
      73.00651548609235
    ],
    [
      56.257721726745224,
      89.20156591662021
    ],
    [
      19.507492735239108,
      89.47697847896323
    ],
    [
      4.256659502374771,
      44.33297921117377
    ],
    [
      89.33425218014006,
      66.89176285113267
    ],
    [
      82.11247653333703,
      66.16373630799396
    ],
    [
      16.805860178294886,
      69.84968176567115
    ],
    [
      62.437784809232724,
      66.0001302793495
    ],
    [
      94.28828904445726,
      79.345648509111
    ],
    [
      98.138637124715,
      97.21766767326359
    ],
    [
      15.833243742388191,
      72.95232752384922
    ],
    [
      75.00746444889766,
      83.42403937785282
    ],
    [
      94.475979754804,
      74.8933157257172
    ],
    [
      17.76273452722399,
      91.72467270363076
    ],
    [
      73.11107033015493,
      20.11269631406295
    ],
    [
      77.21781796230616,
      50.21883778266598
    ],
    [
      76.31714418862133,
      92.7040072391858
    ],
    [
      15.019880264828878,
      89.04977816492445
    ],
    [
      61.538274282246306,
      85.35002762313451
    ],
    [
      10.287401856091282,
      7.29114692014522
    ],
    [
      34.411790867699295,
      31.846616499044742
    ],
    [
      38.79437134412021,
      78.31620778456531
    ],
    [
      84.29560304375563,
      37.07301811179966
    ],
    [
      29.680691718281093,
      99.58971032470195
    ],
    [
      88.24207407221105,
      81.94721581030892
    ],
    [
      97.43175377252932,
      56.11050109608874
    ],
    [
      33.0785386687439,
      30.93235953097434
    ],
    [
      11.208245556171882,
      65.76335691393061
    ],
    [
      27.40615155711914,
      35.344560805482715
    ],
    [
      83.66091043065039,
      65.24764140314669
    ],
    [
      45.99177870150698,
      79.79532720287851
    ],
    [
      29.214727990519542,
      50.33407187556704
    ],
    [
      13.40394021704271,
      16.47921651897011
    ],
    [
      28.162577922899278,
      64.98919357080234
    ],
    [
      90.50049021076696,
      21.31371102171522
    ],
    [
      52.283316765358656,
      53.41865192601467
    ],
    [
      47.44632240103317,
      44.768877657308906
    ],
    [
      71.97080773557623,
      47.904486320299
    ],
    [
      67.2030764754673,
      2.9388699153712006
    ],
    [
      52.35676000109669,
      95.50433231283134
    ],
    [
      55.887921520752194,
      22.097664102696758
    ],
    [
      36.19840132608847,
      80.85957229165251
    ]
  ],
  "distances": [
    [
      0.0,
      19.87818289749692,
      29.147230463438706,
      6.259469790798482,
      44.03408156345174,
      59.13731055510411,
      68.05347607344996,
      24.530455824423065,
      21.41055929411283,
      71.90573385631036,
      80.62429270720422,
      34.39903785828883,
      73.23161577088248,
      56.11545338900393,
      58.03093782320907,
      34.44066369409404,
      53.45490960360349,
      68.72536752534754,
      44.290498687007116,
      61.981283852770545,
      25.773806514645006,
      35.92476729458679,
      21.279352712800254,
      29.104315590647627,
      67.92252988141087,
      15.658160511183075,
      18.574607617347265,
      56.74349953069286,
      62.56035258031368,
      49.77048055948019,
      50.77145330570712,
      22.393925398161265,
      15.219679167086003,
      50.481674568238425,
      67.73342645847815,
      63.94418325324874,
      31.827407681901853,
      71.25985251906452,
      64.99116491782729,
      45.49245229426169,
      50.71414819028256,
      82.73591753552337,
      97.7671792828711,
      48.74393865816745,
      72.17744768353843,
      80.11537309848785,
      66.47421149969132,
      42.96622500072799,
      52.28134003209632,
      80.43670710564102,
      64.46040438150563,
      66.47043201170155,
      27.978021694469206,
      6.54764544888417,
      52.450247201936996,
      54.702643971410744,
      73.0894311996854,
      79.96012415322386,
      73.07383821702027,
      5.061432811008764,
      43.795584594479344,
      9.405496822561089,
      65.68016423848226,
      55.46086053714205,
      23.86930793097372,
      19.926039828081112,
      38.561424943966976,
      60.102007458150744,
      34.54607824785457,
      24.83015344311022,
      46.55645108767594,
      43.51450880070093,
      72.33994406798618,
      25.646477642379438,
      54.63839977444947
    ],
    [
      19.87818289749692,
      0.0,
      29.157015870517903,
      25.987273624952962,
      44.35707867799753,
      76.4160695454088,
      57.07271560539148,
      8.91100756997407,
      40.87272262143964,
      88.68643012901127,
      73.87331294762545,
      23.517244731735936,
      56.18527289508522,
      54.10710684933514,
      40.04569649693452,
      18.076371369290555,
      62.25830750422131,
      49.53672290122605,
      54.01390257303869,
      48.99321217944383,
      8.431471217097622,
      55.46140763124001,
      17.352996111271846,
      12.88907538900131,
      55.57581863436746,
      9.92674692835401,
      5.497428098999444,
      50.86400325567728,
      61.13781062452228,
      54.84918382425475,
      34.61436433110794,
      31.71211530406804,
      26.617451973024576,
      31.173619313910738,
      58.93315746117579,
      46.424935345143346,
      15.40269382441612,
      73.69094601124186,
      66.64236152124158,
      26.943434315409135,
      48.59188363727382,
      83.03409876544096,
      95.40061666750981,
      30.137260882796898,
      68.55079288012183,
      81.35952867893725,
      48.70741571185721,
      58.21520680333393,
      58.05585490398849,
      75.37546231305147,
      46.22569160672252,
      59.560269866092725,
      36.95518316480046,
      18.56812281149683,
      40.146572570864734,
      64.96532856092465,
      57.428174952809314,
      78.89065929392513,
      78.91367157757318,
      18.121765704041366,
      24.21407466103027,
      10.965817838423572,
      67.79137617646332,
      45.235718493120444,
      12.056282700925662,
      27.287108552128554,
      23.546738651379368,
      74.15246101218955,
      34.282226138732796,
      27.893195615755477,
      52.58913973731207,
      62.24593271052216,
      61.83723427030218,
      41.8983024954977,
      41.288120927543154
    ],
    [
      29.147230463438706,
      29.157015870517903,
      0.0,
      33.083333935241264,
      70.46679869905206,
      84.47313804957084,
      86.13772570319043,
      23.18128397936227,
      45.222904528221726,
      97.51576566640288,
      102.86458222882759,
      52.61650820528795,
      81.95451955020361,
      81.5270898185741,
      65.26981164243648,
      46.536428673683936,
      82.57887360263106,
      71.25052608054757,
      73.432927364035,
      77.713836936962,
      25.44702021257954,
      57.318965794429076,
      43.80976589533487,
      41.78210181929611,
      84.39416186471188,
      35.31178586485247,
      33.47148473983326,
      79.52875041097064,
      88.40581408397655,
      78.20586561440007,
      62.18456832197448,
      51.221854759649524,
      17.188081693029098,
      54.12585608954382,
      88.07737919302015,
      71.98296719443118,
      24.831103943268328,
      99.05331207061342,
      92.40363602402171,
      52.31934066170838,
      75.96172678990037,
      109.69004182652961,
      123.33189457875733,
      55.06032932311679,
      96.75234669098556,
      107.48991109239884,
      73.78251738719884,
      70.80173273311088,
      80.93100374877699,
      104.03961615768763,
      70.62441477222131,
      88.50854405068888,
      14.648849271753262,
      34.36498540459776,
      69.14596895762851,
      83.83010111242672,
      84.56313454919977,
      106.17901694027772,
      101.89455269325644,
      32.79537635297263,
      47.03428708463888,
      29.636585583653023,
      93.29227615426049,
      74.39141636363574,
      40.8621541858477,
      11.517338597221563,
      52.2536584807385,
      88.20621045067355,
      60.35208119067082,
      51.688837605066695,
      75.19852595255826,
      66.99106293582923,
      90.9358092240878,
      53.63577351880467,
      70.02670580505448
    ],
    [
      6.259469790798482,
      25.987273624952962,
      33.083333935241264,
      0.0,
      44.223947195305406,
      53.284853709550404,
      71.05972379820979,
      30.767787500264678,
      15.155815939708654,
      66.14467648258646,
      82.17932830325148,
      38.26527432709032,
      78.0565133999348,
      56.639436961786295,
      63.25721751044093,
      39.55919585792478,
      50.469274616432905,
      74.34710949209673,
      41.21829153087261,
      65.66668360677893,
      32.03267654268879,
      29.666883663779757,
      24.660589515672623,
      34.36664152683036,
      71.33925512763449,
      20.628804474861862,
      24.182044212174702,
      58.4380174227269,
      62.74824418160879,
      48.16601946100367,
      55.5226776592458,
      20.931671797389196,
      17.114635579810123,
      56.20993991595307,
      70.09011652370461,
      68.98031650985362,
      38.03770164344122,
      70.05763693017775,
      64.14932656065865,
      50.990044279150815,
      51.430567449554,
      82.05706022633551,
      97.77613710216443,
      54.234712118886904,
      72.87948646857059,
      79.16825836772902,
      71.57722026449639,
      37.895126679137775,
      50.367121492588105,
      81.46975385639588,
      69.73375369387048,
      68.27681816746971,
      29.16589000603544,
      9.56196030184738,
      56.10215511191116,
      51.18598516347566,
      77.46816741508545,
      79.74853638958943,
      70.740997807431,
      8.885332742730707,
      49.66321584581813,
      15.216292676885502,
      64.67675763366763,
      58.46076558730283,
      28.659147826484414,
      22.643961327193203,
      43.254673003914135,
      55.229206267290856,
      35.43952055645265,
      25.529786546330303,
      44.727256949039784,
      37.34755875013283,
      75.14605214255276,
      20.608637805656624,
      58.54256633193034
    ],
    [
      44.03408156345174,
      44.35707867799753,
      70.46679869905206,
      44.223947195305406,
      0.0,
      59.033477927584464,
      36.27162277093851,
      53.21052849797077,
      47.530688119868564,
      67.06683169070479,
      39.588190039143726,
      26.201419438743674,
      57.1201004462022,
      12.558912798515763,
      50.4365406437706,
      36.81003306146902,
      26.171691057360363,
      64.15282901206498,
      23.3493112480882,
      37.01310165524476,
      52.25524071386262,
      56.26355074098671,
      27.201667362074986,
      36.954171520576075,
      39.3539662858235,
      35.619786387229695,
      38.915715920779014,
      18.22598838645851,
      18.55816775854156,
      14.262729693135677,
      40.13265721149639,
      24.023164663971183,
      59.221517518592606,
      52.5537561878248,
      31.56961905902218,
      52.33452859969958,
      58.719146063010996,
      29.347038731966748,
      22.291074743455372,
      46.08371543136207,
      8.02815727629805,
      39.22338898191287,
      53.73718633476396,
      47.897612430331726,
      28.818851199510704,
      37.162178634472845,
      55.08459578605337,
      39.713788361578516,
      17.69119097364922,
      37.75112546212566,
      55.74885367229121,
      27.304950587554963,
      71.99748555871521,
      37.578949262751244,
      30.327347659916136,
      31.08463059195275,
      52.23971084784978,
      35.97704863217574,
      36.131430634463385,
      39.17311508644831,
      50.73437469877911,
      40.837182230756426,
      23.44241890605186,
      26.626826645624856,
      33.04974372195227,
      63.457132846074714,
      33.908140670791106,
      46.89204087612485,
      10.18106372310999,
      19.22621487170592,
      14.68330950192649,
      55.41657582555604,
      38.5235769356158,
      36.36097177950668,
      33.958579498516364
    ],
    [
      59.13731055510411,
      76.4160695454088,
      84.47313804957084,
      53.284853709550404,
      59.033477927584464,
      0.0,
      95.25631758700949,
      83.13089853906942,
      39.3003144713545,
      13.045850137402454,
      93.61645027313537,
      75.48387833369972,
      114.4040714839168,
      67.74840138078152,
      104.05952787158172,
      82.82226321357118,
      37.8243895113981,
      117.3707881622252,
      35.97350647703517,
      95.5189597322632,
      83.94923490437999,
      28.58165169378584,
      64.96836110907687,
      79.28569238818238,
      98.3592800183151,
      67.5719638213627,
      72.47351472214795,
      76.81608097794518,
      69.14871571412945,
      48.44735532361149,
      94.042514116954,
      47.50466194576812,
      67.28505780961822,
      101.3867235493384,
      89.92668905636152,
      107.8106056716089,
      90.52552118910093,
      62.90458417350837,
      62.13543790805264,
      94.97647718641416,
      65.99462127386995,
      75.76090944166413,
      93.97789811307685,
      97.83846907998016,
      79.98337663226182,
      71.36529636069704,
      110.65599456862806,
      20.14809353542323,
      46.81864837308729,
      89.0509508831017,
      110.2793041620739,
      84.65675741333746,
      75.13660884153458,
      58.004665228507164,
      87.60231076710821,
      32.97704243601666,
      110.52428431331634,
      77.88762283298327,
      53.38108115646722,
      58.75617767117079,
      96.43009515230597,
      65.8306992838866,
      61.15810454618564,
      85.30773060260401,
      72.72077533648094,
      73.00774882864577,
      83.528915790396,
      17.953286428022025,
      59.37082775170009,
      55.58864902009816,
      45.79163136739185,
      18.191624944879724,
      97.16669353873804,
      34.523312663145376,
      91.14040334980217
    ],
    [
      68.05347607344996,
      57.07271560539148,
      86.13772570319043,
      71.05972379820979,
      36.27162277093851,
      95.25631758700949,
      0.0,
      63.526449539532415,
      79.37348137397149,
      102.71966856942409,
      22.18578493307472,
      34.2816003327787,
      27.99836197251347,
      29.094588194937195,
      32.55019987083107,
      39.85127338959631,
      60.18406198698147,
      42.69211803997444,
      59.36844785750056,
      10.303175374540274,
      61.510657773709845,
      90.47834492336868,
      46.775635445101365,
      44.35945925188082,
      5.317364601072157,
      53.56775059017632,
      53.48424888484602,
      18.671720647888478,
      31.565965364265477,
      47.95989902541645,
      27.302443394536667,
      55.570802777505584,
      81.23273927607138,
      42.3804966219948,
      7.978607888068114,
      29.4255428734086,
      65.31225972778218,
      47.709441718900614,
      42.19416444695033,
      38.974925668905,
      29.42464498724742,
      47.22105571982431,
      49.587789580579916,
      38.130373366671144,
      27.584200676434616,
      48.78702636315647,
      31.05677201503586,
      75.95952592469229,
      50.58811274443504,
      27.50672012064862,
      33.93336706782024,
      14.392611671056375,
      93.13515605901374,
      61.934630265807684,
      17.02868067067452,
      65.45804462383482,
      20.55655002802845,
      40.70660641228204,
      60.475980050307065,
      63.143225717586816,
      45.90375984647998,
      60.643633619067096,
      43.97934756345388,
      12.60800697318277,
      46.12165836861425,
      83.48646710368504,
      34.068710001110446,
      82.13229706811487,
      38.818994899602146,
      47.333600905016205,
      49.87770416864096,
      91.01999170875497,
      4.922895956019662,
      70.34120482408024,
      16.887774673804298
    ],
    [
      24.530455824423065,
      8.91100756997407,
      23.18128397936227,
      30.767787500264678,
      53.21052849797077,
      83.13089853906942,
      63.526449539532415,
      0.0,
      45.91936258998425,
      95.66866083677468,
      81.4304407992453,
      31.19680404104204,
      59.09179711067985,
      62.70578023421924,
      42.46111787060166,
      23.684433724896795,
      70.94417154928166,
      49.847846235215506,
      62.55168919960398,
      54.760943921582715,
      2.3389739010980106,
      60.35936252869743,
      26.26387649856485,
      19.42906865240162,
      61.48768016397218,
      18.606876792333267,
      14.408291070834904,
      58.89415889949113,
      69.7518466224845,
      63.74055578644659,
      39.00553673271958,
      39.993721989429126,
      26.02690139976767,
      31.900914911286996,
      66.10306147515898,
      49.12939933094024,
      7.394932101060393,
      82.55456847259146,
      75.48293132622064,
      29.34241989956765,
      57.226110632915656,
      91.72897159038146,
      103.71769103493966,
      32.22493700359385,
      76.80693881422118,
      90.13793332918112,
      51.08073619912583,
      65.64795761734406,
      66.93094737003791,
      83.30941772745132,
      48.11993163465014,
      67.23664890518975,
      33.8202499793289,
      25.2597555334043,
      46.49895012466141,
      73.49613126567077,
      61.422436282446,
      87.45429120959359,
      87.81301996676686,
      24.391224743184765,
      24.659496045406236,
      17.47303901320115,
      76.65182792515327,
      52.22650819786615,
      20.499261369445843,
      24.75238628586106,
      29.462994007507003,
      82.01425172383043,
      43.16648551383453,
      36.71931698687222,
      61.43796262057571,
      68.01171436721069,
      68.38884126715688,
      48.82929935635969,
      47.11546541843229
    ],
    [
      21.41055929411283,
      40.87272262143964,
      45.222904528221726,
      15.155815939708654,
      47.530688119868564,
      39.3003144713545,
      79.37348137397149,
      45.91936258998425,
      0.0,
      52.328056640677346,
      87.06286907737481,
      49.278255467079426,
      90.08552487301638,
      59.9739405315799,
      76.23943814043356,
      52.686003353030216,
      45.357845789916254,
      88.05310259793612,
      36.551631849465984,
      75.51344998038005,
      47.182623470805886,
      14.588857306358047,
      35.79813691054115,
      47.84813435235452,
      80.51723358201762,
      34.22081607733922,
      38.41838203547369,
      64.2965700137117,
      65.04768405651335,
      46.885519971456525,
      67.67852416812133,
      24.087231765086514,
      28.048770631918682,
      70.22937607761058,
      77.02872148860514,
      81.52721711990057,
      53.16810689145864,
      68.73608384668772,
      63.93118658436252,
      64.61539733016319,
      55.45878955973077,
      81.68643465481054,
      98.75265854465371,
      67.81539417508138,
      76.03554321183,
      78.21179796753984,
      84.23640711858273,
      27.122595036002977,
      48.14342176297607,
      85.1742245436292,
      82.7544596896455,
      74.05883716907097,
      37.12578064552641,
      22.896302878611266,
      66.09944445592417,
      44.526570910510486,
      88.57238355932691,
      80.56632977138109,
      66.51301070304694,
      22.92376091011791,
      63.98852427830608,
      29.930753685858033,
      64.04085835241142,
      67.07344220759379,
      41.60359785038549,
      33.8172552616243,
      55.55525014179479,
      44.326915767712514,
      41.028941854313935,
      32.04215724055281,
      43.129766930409346,
      22.43906168049224,
      82.9470095475482,
      12.90462975645317,
      68.98285525978697
    ],
    [
      71.90573385631036,
      88.68643012901127,
      97.51576566640288,
      66.14467648258646,
      67.06683169070479,
      13.045850137402454,
      102.71966856942409,
      95.66866083677468,
      52.328056640677346,
      0.0,
      98.49094156097242,
      85.98318327614889,
      123.66474504138228,
      74.20486052596809,
      114.34059318484212,
      93.96050935922075,
      42.98784723877162,
      127.85500040655519,
      43.74735260256444,
      104.047753422575,
      96.39432225952511,
      41.37938972843782,
      76.33789029035819,
      90.74655328106192,
      106.25770598935006,
      79.58269228680106,
      84.52579845591823,
      84.06051517550888,
      74.46254244751908,
      54.86004238356068,
      104.14609793431966,
      58.78803193046495,
      80.32776739305324,
      112.48199456536828,
      96.7509039662238,
      117.66390245452396,
      103.0603194048348,
      65.46810961627827,
      66.12777954488031,
      105.97206669204876,
      73.30381786388153,
      77.4147472642411,
      95.18612033735221,
      108.71928031862835,
      84.64201896763748,
      72.95864653113402,
      120.50192481768538,
      30.954210276217935,
      52.57141019867989,
      93.28397702792547,
      120.40350199243889,
      91.04200855786245,
      88.10522596079551,
      70.44431319471096,
      96.70878801738218,
      37.71235802877145,
      119.23651828214159,
      80.53803295859886,
      54.08487697425927,
      71.27891490840678,
      107.86788350194826,
      78.27228237219346,
      64.87439386938449,
      93.68353223612928,
      84.24367091101914,
      86.05304910853427,
      94.20123898470409,
      20.775714492401463,
      68.93643883805153,
      66.3778257745089,
      52.85977743691181,
      31.0456833785861,
      104.12497829223462,
      46.86111895504672,
      100.31177081426088
    ],
    [
      80.62429270720422,
      73.87331294762545,
      102.86458222882759,
      82.17932830325148,
      39.588190039143726,
      93.61645027313537,
      22.18578493307472,
      81.4304407992453,
      87.06286907737481,
      98.49094156097242,
      0.0,
      50.37345294311066,
      48.882240028999234,
      27.487767284195886,
      54.695276152700714,
      58.438199830015954,
      55.930210428745724,
      64.66463918346321,
      58.58309586278549,
      32.31978704435399,
      79.66337518897797,
      95.57473082103245,
      60.15125533878364,
      62.02749590234512,
      27.14580853595903,
      68.17791605595573,
      69.40183758351462,
      23.886584140663366,
      24.500654937707104,
      45.49668314899991,
      48.60961097836603,
      63.22452997139087,
      95.15135412639714,
      64.05936605510448,
      16.069917851218946,
      51.528979108874815,
      84.38800121818635,
      35.10791660333261,
      32.51313137447023,
      60.01031923724457,
      31.609109465711636,
      29.31882972852798,
      27.59808768304281,
      59.5874485989718,
      13.863487038243754,
      32.273376726606394,
      53.00604406947183,
      76.48115708092335,
      46.80961132636571,
      6.9335950339449,
      56.03308211199741,
      14.375184066335748,
      107.69734742044976,
      74.11150697901483,
      36.61742565720875,
      61.04588510179657,
      40.98073451550928,
      22.941814716987594,
      48.56058806706279,
      75.56322238594552,
      66.85171591735651,
      74.88316881645177,
      33.93858348360088,
      29.728562105559334,
      62.00391834254669,
      98.37169036608078,
      52.846168127689296,
      77.83774456313652,
      46.84029033725905,
      56.70180565182023,
      48.667212885027155,
      93.67180686514908,
      18.221925006695898,
      75.88294992576378,
      37.764463331923395
    ],
    [
      34.39903785828883,
      23.517244731735936,
      52.61650820528795,
      38.26527432709032,
      26.201419438743674,
      75.48387833369972,
      34.2816003327787,
      31.19680404104204,
      49.278255467079426,
      85.98318327614889,
      50.37345294311066,
      0.0,
      40.911788090850635,
      32.8214614709573,
      28.60957113648885,
      10.657117016264962,
      50.23329287130042,
      41.91173284024262,
      44.28495237788771,
      27.58401289557535,
      29.578671508104918,
      62.47349460512187,
      13.691862559222232,
      12.13062445017114,
      33.63572323592378,
      19.35112430811574,
      19.35065270642095,
      27.75026130701084,
      39.80242485276234,
      39.70833781507394,
      18.902434917766982,
      28.53891949557692,
      46.983520885661555,
      27.290147656732398,
      35.481624141764605,
      32.910295721930744,
      35.01974499870448,
      54.425833880808966,
      47.168472069427914,
      20.660191628149104,
      27.696878813145425,
      61.92266701289589,
      72.7565753243048,
      23.039185544792254,
      45.82709510608777,
      60.90492923341011,
      35.72203505240652,
      55.407334963096304,
      43.20635102788893,
      52.113707959379575,
      34.93193407476858,
      36.095272672939124,
      58.86483578027221,
      28.755804544593705,
      18.072804034951663,
      54.36992262117017,
      39.3993581518267,
      57.111407030230055,
      62.31838045316189,
      29.738308007426003,
      24.616164076518285,
      26.44271650649639,
      48.610075409002334,
      21.993725280202003,
      11.911952860790745,
      49.23452113590768,
      8.362864892556752,
      67.76792285034742,
      18.458581485149725,
      19.96105289187365,
      38.82686035522104,
      65.9016225364337,
      38.86964721422164,
      43.66384201378349,
      20.29113928209239
    ],
    [
      73.23161577088248,
      56.18527289508522,
      81.95451955020361,
      78.0565133999348,
      57.1201004462022,
      114.4040714839168,
      27.99836197251347,
      59.09179711067985,
      90.08552487301638,
      123.66474504138228,
      48.882240028999234,
      40.911788090850635,
      0.0,
      54.173939292580904,
      16.686925527394088,
      38.88424219636786,
      83.13191371099774,
      17.744025927360283,
      80.05096871613664,
      21.003357141748726,
      56.75835223685354,
      103.38231485505648,
      54.29260237944386,
      44.31979512546396,
      22.689194114662744,
      57.59749548382689,
      55.08906478865492,
      43.321280233882575,
      58.23523940892538,
      70.86532010297081,
      22.538152584020327,
      69.00105895998193,
      82.79791429731614,
      28.316550548446727,
      35.93767749200267,
      9.972624976655968,
      57.58171792455496,
      74.91911759642954,
      68.82054105800685,
      29.75884337828607,
      52.52141368013874,
      75.21711187599006,
      76.4262376086008,
      26.900687634321898,
      55.55553183913785,
      76.69077958920454,
      8.463923435831058,
      94.30540183645492,
      74.00582681185843,
      54.963967086509065,
      12.169583990109587,
      42.14020106091313,
      92.61638331324568,
      68.5324169232163,
      26.961532705641794,
      88.16367155711023,
      7.9523628525623264,
      68.7047370109928,
      87.09754158873375,
      69.20015895185914,
      35.052559000929556,
      64.10347695781272,
      70.61868409165814,
      31.059093643762743,
      49.43159182026094,
      83.1365221223624,
      34.80582833792822,
      103.89453822600349,
      55.03332918951909,
      60.19411661967676,
      71.793097871686,
      106.45510319327404,
      30.84058795934499,
      84.32387232730248,
      23.352983227035843
    ],
    [
      56.11545338900393,
      54.10710684933514,
      81.5270898185741,
      56.639436961786295,
      12.558912798515763,
      67.74840138078152,
      29.094588194937195,
      62.70578023421924,
      59.9739405315799,
      74.20486052596809,
      27.487767284195886,
      32.8214614709573,
      54.173939292580904,
      0.0,
      51.24738711287381,
      43.2221384597314,
      31.31877856731644,
      64.43600280120812,
      31.929475742616283,
      33.174125264774695,
      61.44853333677052,
      68.08942231404545,
      37.7344154267207,
      44.75074818380035,
      33.360571385663086,
      46.25683359620769,
      48.87433107366712,
      10.89594948329058,
      7.0515593130360505,
      19.41001459243506,
      41.634162515623224,
      36.58204199306459,
      71.2101830723327,
      56.06743495844947,
      22.573319623008647,
      51.52380189603158,
      67.45360414277775,
      22.545710956619125,
      15.515622375965988,
      50.11506738368342,
      5.566625686533379,
      29.15425072555353,
      41.87965129469438,
      51.214825428380976,
      16.273179849868416,
      28.119128599126686,
      54.02706316188255,
      49.57959741105505,
      21.687083272357928,
      25.21718221904836,
      55.527534390711374,
      16.923853285149832,
      83.9798216656737,
      49.59540743650067,
      29.53229397943322,
      36.617169937494886,
      47.998330078324045,
      24.790513421128367,
      33.24394028496555,
      51.161381918042,
      55.8221089418023,
      52.10013891152855,
      17.227313986539247,
      23.4088316423801,
      42.20652345197045,
      75.19444756441703,
      38.994828994405424,
      53.471499530905895,
      21.598984672224464,
      31.32276312901852,
      21.98793733087789,
      66.36571673864715,
      29.974776145103007,
      48.477802959750285,
      32.82107414586473
    ],
    [
      58.03093782320907,
      40.04569649693452,
      65.26981164243648,
      63.25721751044093,
      50.4365406437706,
      104.05952787158172,
      32.55019987083107,
      42.46111787060166,
      76.23943814043356,
      114.34059318484212,
      54.695276152700714,
      28.60957113648885,
      16.686925527394088,
      51.24738711287381,
      0.0,
      23.70471305379633,
      76.4084502633036,
      13.746081331030673,
      71.72021702562314,
      22.395888679232087,
      40.12413070491192,
      90.10895056247259,
      40.77166285904476,
      28.93432631820052,
      27.965694251890117,
      42.628415705020494,
      39.546516875688354,
      41.39182699485523,
      56.837970963774296,
      64.69786412913176,
      10.363988238922484,
      57.077606734236475,
      66.62799698944798,
      11.999528278277781,
      39.19716285693559,
      6.724213887982885,
      40.92978032819073,
      73.58205949530196,
      66.73576119382346,
      13.216001514114412,
      48.0176816470639,
      76.83030350539964,
      81.82826486712396,
      10.237035915890264,
      57.461622715204506,
      77.35956098022956,
      8.682470478196398,
      83.95126813905611,
      68.10392454101617,
      59.55852317629909,
      6.515028643118399,
      44.051535293840026,
      76.10079675355205,
      53.904362388975215,
      21.76711272729384,
      81.04798436509297,
      20.517202990640747,
      70.70350247086436,
      84.30314272332248,
      54.37775886512433,
      18.407390943028,
      48.70853666054618,
      68.46735439494763,
      28.629700654854364,
      34.72939268754871,
      66.69447756304345,
      20.945079575659246,
      95.56639315025382,
      45.654339167441115,
      48.569705924860514,
      64.78262163109258,
      94.24802206371855,
      36.97229878775871,
      72.00404395694699,
      18.77889470234204
    ],
    [
      34.44066369409404,
      18.076371369290555,
      46.536428673683936,
      39.55919585792478,
      36.81003306146902,
      82.82226321357118,
      39.85127338959631,
      23.684433724896795,
      52.686003353030216,
      93.96050935922075,
      58.438199830015954,
      10.657117016264962,
      38.88424219636786,
      43.2221384597314,
      23.70471305379633,
      0.0,
      60.192891003132736,
      35.491601189277425,
      53.65903722488964,
      31.177668785718986,
      21.661299961147396,
      66.75722256263458,
      17.96765855351048,
      5.455370207141044,
      37.86456681160427,
      18.933329686983946,
      16.220169462277532,
      37.1540706082881,
      50.13032076672514,
      50.0923084735008,
      16.70697492396005,
      35.31841367273111,
      44.31324869842103,
      18.564507767015943,
      42.771791798136015,
      29.503529445316897,
      25.949840000358044,
      65.03831227056044,
      57.779935802816915,
      12.246170187604793,
      38.22852389525759,
      72.19444183191723,
      82.21477924960814,
      15.305411341522404,
      55.39156525198505,
      71.34085898969876,
      32.047071798041756,
      63.05669321521912,
      53.57904508092975,
      60.95085018362742,
      30.19648439310366,
      44.54859208467445,
      55.02742562456057,
      30.204581788077615,
      22.83061876437995,
      64.08108194296672,
      39.495859655202,
      67.16668473898386,
      72.94037090326121,
      30.67675203094862,
      14.436010868267102,
      25.229457214425874,
      59.239208655804404,
      28.848313819143137,
      11.083322049802806,
      45.34894884198608,
      5.782732332471272,
      76.6137607517949,
      28.536636533755765,
      27.677445603241317,
      48.977976186212274,
      71.53637813891153,
      44.72511950184487,
      49.46036637060642,
      23.49215675373731
    ],
    [
      53.45490960360349,
      62.25830750422131,
      82.57887360263106,
      50.469274616432905,
      26.171691057360363,
      37.8243895113981,
      60.18406198698147,
      70.94417154928166,
      45.357845789916254,
      42.98784723877162,
      55.930210428745724,
      50.23329287130042,
      83.13191371099774,
      31.31877856731644,
      76.4084502633036,
      60.192891003132736,
      0.0,
      90.15163966665779,
      9.253299061036047,
      62.64479069464479,
      70.68761303042105,
      47.00842174233023,
      45.63141614042875,
      58.82252309850626,
      64.06346879631482,
      52.36315627587106,
      56.92152211091532,
      41.54087569709406,
      31.60238204022817,
      12.343541871164046,
      66.0561038641244,
      31.644215022210908,
      67.57124924991291,
      77.45426277898989,
      53.89192175992004,
      78.5000072835869,
      77.6367095224845,
      26.20812060990668,
      24.390490544222963,
      70.84563958229657,
      31.044404288725843,
      39.57601969810125,
      57.785890736176235,
      73.00971970799174,
      42.20792380016173,
      35.44335283878309,
      81.25476836396459,
      23.35872414600259,
      9.631857057181419,
      51.22914948568002,
      81.86186079527367,
      48.07732455945039,
      79.43859053097222,
      48.46714174086526,
      56.472796805498085,
      5.299091959917916,
      77.87389988349958,
      40.677741222419506,
      21.172393459569186,
      49.96326853503287,
      74.60486647959725,
      54.82344298299268,
      23.542654555510154,
      52.26347446872696,
      53.327877946682285,
      72.97182234537476,
      58.49259786535351,
      22.213958440355885,
      31.77802616008379,
      34.5349304300463,
      11.62743374699832,
      41.506446825554484,
      61.292753281005936,
      32.577226814201026,
      60.09833667444981
    ],
    [
      68.72536752534754,
      49.53672290122605,
      71.25052608054757,
      74.34710949209673,
      64.15282901206498,
      117.3707881622252,
      42.69211803997444,
      49.847846235215506,
      88.05310259793612,
      127.85500040655519,
      64.66463918346321,
      41.91173284024262,
      17.744025927360283,
      64.43600280120812,
      13.746081331030673,
      35.491601189277425,
      90.15163966665779,
      0.0,
      85.42411362591452,
      33.39538003406955,
      47.56408461379558,
      102.22698406164896,
      53.274258374359604,
      40.20725526435899,
      37.54661434581151,
      53.91677167709337,
      50.18998550365317,
      54.22357722134366,
      69.70011882513673,
      78.40965678259485,
      24.108666737467704,
      70.11230576420567,
      75.42757264060103,
      18.364350369826454,
      50.13398142085416,
      13.418788635119773,
      46.43091882897253,
      86.534255250422,
      79.83760844868009,
      23.4394788654261,
      61.481724392043596,
      88.87295730419643,
      92.22054190192533,
      20.24123172663002,
      69.24656428660842,
      89.73672938948911,
      11.65873249590951,
      97.31574476255369,
      81.80376981808895,
      70.19812966599572,
      9.029807628415309,
      55.651581606553094,
      83.53693307769554,
      65.311680215885,
      34.92628345994407,
      94.79344776568718,
      25.147863652513525,
      82.56314845863179,
      97.62743111121318,
      65.57835955400994,
      25.470002604431393,
      59.32110520317477,
      81.59373489103103,
      41.31683204091721,
      46.514345067392924,
      74.60000747067411,
      33.868015462510336,
      109.24060934073147,
      59.332641828827825,
      61.787088891998586,
      78.52653910018839,
      106.93143566477845,
      46.45631165095458,
      84.75810072177062,
      31.629529309242614
    ],
    [
      44.290498687007116,
      54.01390257303869,
      73.432927364035,
      41.21829153087261,
      23.3493112480882,
      35.97350647703517,
      59.36844785750056,
      62.55168919960398,
      36.551631849465984,
      43.74735260256444,
      58.58309586278549,
      44.28495237788771,
      80.05096871613664,
      31.929475742616283,
      71.72021702562314,
      53.65903722488964,
      9.253299061036047,
      85.42411362591452,
      0.0,
      60.300814655549736,
      62.43686157980486,
      39.68152701672459,
      37.93485299879566,
      51.70936787627728,
      62.66329011132505,
      44.08715868113069,
      48.79626748125424,
      40.85636761031427,
      34.17354597722144,
      13.145798032548523,
      61.38083083736833,
      22.792954772193998,
      58.32326542328143,
      71.54269196610552,
      53.95600455024389,
      74.4920441004094,
      69.41602812169221,
      32.96892539089324,
      29.449581888591766,
      64.911060529981,
      30.03055809639673,
      46.296012157058726,
      64.14877470004521,
      67.3163444768645,
      45.416376486412055,
      42.46389151091235,
      77.30729113304491,
      17.926018117205547,
      12.770499400289033,
      54.74590485454989,
      77.51781527990097,
