{
  "n": 12,
  "points": [
    [
      59.768158493606315,
      67.5986904372284
    ],
    [
      29.928174100970185,
      73.07402679090343
    ],
    [
      57.87393910609689,
      80.90176696206909
    ],
    [
      16.724850414891545,
      31.21449685769
    ],
    [
      35.79315539685616,
      49.17472990712061
    ],
    [
      49.01982395869548,
      89.44098875868252
    ],
    [
      18.24105253678282,
      36.11620851279358
    ],
    [
      81.05914603555655,
      33.344682960956376
    ],
    [
      51.89504962289099,
      26.16202238760035
    ],
    [
      13.092809065110512,
      12.241718765233855
    ],
    [
      55.16573442425554,
      2.938370671735935
    ],
    [
      60.27751209209165,
      75.08823336063834
    ]
  ],
  "distances": [
    [
      0.0,
      30.3381604046561,
      13.437258355549469,
      56.36076572219788,
      30.236453084053185,
      24.343637592557002,
      52.1118719417333,
      40.33166471515873,
      42.17799547566483,
      72.40844258072528,
      64.82390962823729,
      7.506843164066365
    ],
    [
      30.3381604046561,
      0.0,
      29.021359339442476,
      43.892459518566014,
      24.608421264686683,
      25.146938945818228,
      38.76169684538958,
      64.75181118805567,
      51.800383949649365,
      63.11892913873452,
      74.53820973391824,
      30.4161033764171
    ],
    [
      13.437258355549469,
      29.021359339442476,
      0.0,
      64.51412489170265,
      38.654442040991164,
      12.300961910972694,
      59.803945885113535,
      52.90775046295916,
      55.065295382213925,
      81.972872501453,
      78.01041939204198,
      6.290813622574437
    ],
    [
      56.36076572219788,
      43.892459518566014,
      64.51412489170265,
      0.0,
      26.194851136722953,
      66.5829533386087,
      5.130852368194376,
      64.3695524750768,
      35.53125962587412,
      19.31729879957607,
      47.720445047226605,
      61.82021589980737
    ],
    [
      30.236453084053185,
      24.608421264686683,
      38.654442040991164,
      26.194851136722953,
      0.0,
      42.382972561463134,
      21.876958102457742,
      47.95414783749864,
      28.086575174723563,
      43.351505574638686,
      50.13080623245926,
      35.65099415184657
    ],
    [
      24.343637592557002,
      25.146938945818228,
      12.300961910972694,
      66.5829533386087,
      42.382972561463134,
      0.0,
      61.570000475188365,
      64.60118948825045,
      63.34425394313676,
      85.14973685623028,
      86.72067314860291,
      18.241083564988546
    ],
    [
      52.1118719417333,
      38.76169684538958,
      59.803945885113535,
      5.130852368194376,
      21.876958102457742,
      61.570000475188365,
      0.0,
      62.87920343567629,
      35.09526095196851,
      24.423260870529777,
      49.64071973993298,
      57.32261903198548
    ],
    [
      40.33166471515873,
      64.75181118805567,
      52.90775046295916,
      64.3695524750768,
      47.95414783749864,
      64.60118948825045,
      62.87920343567629,
      0.0,
      30.035564460807052,
      71.16711360611842,
      39.93760874040728,
      46.63046546337449
    ],
    [
      42.17799547566483,
      51.800383949649365,
      55.065295382213925,
      35.53125962587412,
      28.086575174723563,
      63.34425394313676,
      35.09526095196851,
      30.035564460807052,
      0.0,
      41.22364279442968,
      23.452833050393917,
      49.639095451325275
    ],
    [
      72.40844258072528,
      63.11892913873452,
      81.972872501453,
      19.31729879957607,
      43.351505574638686,
      85.14973685623028,
      24.423260870529777,
      71.16711360611842,
      41.22364279442968,
      0.0,
      43.08924847366197,
      78.58804359783231
    ],
    [
      64.82390962823729,
      74.53820973391824,
      78.01041939204198,
      47.720445047226605,
      50.13080623245926,
      86.72067314860291,
      49.64071973993298,
      39.93760874040728,
      23.452833050393917,
      43.08924847366197,
      0.0,
      72.33071931726421
    ],
    [
      7.506843164066365,
      30.4161033764171,
      6.290813622574437,
      61.82021589980737,
      35.65099415184657,
      18.241083564988546,
      57.32261903198548,
      46.63046546337449,
      49.639095451325275,
      78.58804359783231,
      72.33071931726421,
      0.0
    ]
  ]
}