{
  "n": 18,
  "points": [
    [
      14.792062434808473,
      22.829835699996647
    ],
    [
      80.74933620503766,
      29.847457554008315
    ],
    [
      18.57067421006168,
      77.21373073244318
    ],
    [
      40.54395228285736,
      99.59045380032603
    ],
    [
      48.582548535343214,
      65.1420117885684
    ],
    [
      60.05457719326384,
      2.3423070139407587
    ],
    [
      32.845835701034645,
      82.02686531195772
    ],
    [
      44.130426649227886,
      23.668364235238272
    ],
    [
      41.80542497562366,
      93.072888435161
    ],
    [
      16.710274876259636,
      75.95950701336443
    ],
    [
      12.320216800466477,
      66.88538728337862
    ],
    [
      70.13925324106032,
      65.79062373590733
    ],
    [
      77.098405485997,
      93.50509130949497
    ],
    [
      42.93584569274979,
      26.51323534570843
    ],
    [
      21.279722097514753,
      21.411740981383776
    ],
    [
      52.30226681118315,
      10.497848844333957
    ],
    [
      2.346060551275053,
      11.26333956140556
    ],
    [
      20.72798909245198,
      5.892673848132324
    ]
  ],
  "distances": [
    [
      0.0,
      66.32954831511267,
      54.51500661146658,
      80.96513028391085,
      54.14902765757419,
      49.68333799093367,
      61.88882810352527,
      29.350344885236698,
      75.25827670971876,
      53.164287946299375,
      44.12484159921761,
      70.06383402876334,
      94.21821554179591,
      28.38379764971572,
      6.640837336515921,
      39.485355920462915,
      16.990785614825462,
      17.94721919633153
    ],
    [
      66.32954831511267,
      0.0,
      78.16488880756876,
      80.50191564021195,
      47.75361544012673,
      34.421016207938614,
      70.8338616376897,
      37.13658211654171,
      74.25687397104657,
      78.91338594442072,
      77.80972060817872,
      37.476460020686204,
      63.76224298488024,
      37.960204194092604,
      60.0649341645468,
      34.40411478756982,
      80.57569779283867,
      64.62502434510024
    ],
    [
      54.51500661146658,
      78.16488880756876,
      0.0,
      31.361484093089793,
      32.348709383473064,
      85.59581938596801,
      15.064743611289112,
      59.33301962711367,
      28.131237551473934,
      2.2436940118275532,
      12.07240225601344,
      52.81861146159238,
      60.75280864091482,
      56.25123833162351,
      55.86770982091402,
      74.75847266709087,
      67.916803399378,
      71.35367658780372
    ],
    [
      80.96513028391085,
      80.50191564021195,
      31.361484093089793,
      0.0,
      35.37391958417823,
      99.18601987064967,
      19.176564851299037,
      76.00675287308253,
      6.638521796589492,
      33.5628637748625,
      43.19954421585864,
      44.9256090797909,
      37.057518611279676,
      73.11635255637545,
      80.51721370403047,
      89.8651780078997,
      96.23283245604378,
      95.77027913258483
    ],
    [
      54.14902765757419,
      47.75361544012673,
      32.348709383473064,
      35.37391958417823,
      0.0,
      63.83894079093528,
      23.081213341932546,
      41.71192671966464,
      28.74131649717664,
      33.65798614204358,
      36.3042154710187,
      21.566460424179873,
      40.21962677027914,
      39.03930868323626,
      51.553670251145924,
      54.77062029891265,
      70.9980573118936,
      65.4703026427827
    ],
    [
      49.68333799093367,
      34.421016207938614,
      85.59581938596801,
      99.18601987064967,
      63.83894079093528,
      0.0,
      84.20180784722511,
      26.61539567910228,
      92.54766318873361,
      85.42962413064336,
      80.27688566939153,
      64.2447631005048,
      92.74235991924034,
      29.618992970831087,
      43.21033093526372,
      11.252163294558484,
      58.39398697410225,
      39.48652474336333
    ],
    [
      61.88882810352527,
      70.8338616376897,
      15.064743611289112,
      19.176564851299037,
      23.081213341932546,
      84.20180784722511,
      0.0,
      59.43952086608295,
      14.222829071871464,
      17.238595066116115,
      25.506183331523847,
      40.6744948626355,
      45.71695095501781,
      56.42314608086439,
      61.708737481012086,
      74.12794957618581,
      77.05655624821908,
      77.09252438647708
    ],
    [
      29.350344885236698,
      37.13658211654171,
      59.33301962711367,
      76.00675287308253,
      41.71192671966464,
      26.61539567910228,
      59.43952086608295,
      0.0,
      69.44345622303028,
      59.04429130995637,
      53.66190950539993,
      49.5049876893805,
      77.22730137086155,
      3.0855008178199927,
      22.961860704644998,
      15.499724103821736,
      43.58690041017081,
      29.387909968846817
    ],
    [
      75.25827670971876,
      74.25687397104657,
      28.131237551473934,
      6.638521796589492,
      28.74131649717664,
      92.54766318873361,
      14.222829071871464,
      69.44345622303028,
      0.0,
      30.37489723764514,
      39.43555144418497,
      39.333545369002785,
      35.29562682019085,
      66.56925168864363,
      74.54276982399038,
      83.23953899408265,
      90.82865036815713,
      89.69196239825274
    ],
    [
      53.164287946299375,
      78.91338594442072,
      2.2436940118275532,
      33.5628637748625,
      33.65798614204358,
      85.42962413064336,
      17.238595066116115,
      59.04429130995637,
      30.37489723764514,
      0.0,
      10.080290610044656,
      54.38806777425436,
      62.885402493991585,
      55.97065611981318,
      54.738821936424046,
      74.51186871992041,
      66.27159826159314,
      70.1819288515745
    ],
    [
      44.12484159921761,
      77.80972060817872,
      12.07240225601344,
      43.19954421585864,
      36.3042154710187,
      80.27688566939153,
      25.506183331523847,
      53.66190950539993,
      39.43555144418497,
      10.080290610044656,
      0.0,
      57.82939980791423,
      70.03443704218824,
      50.66781408890993,
      46.347872045723584,
      69.12393806977572,
      56.50925575221048,
      61.56948698103593
    ],
    [
      70.06383402876334,
      37.476460020686204,
      52.81861146159238,
      44.9256090797909,
      21.566460424179873,
      64.2447631005048,
      40.6744948626355,
      49.5049876893805,
      39.333545369002785,
      54.38806777425436,
      57.82939980791423,
      0.0,
      28.574840556959337,
      47.778013991730646,
      66.00559838458287,
      58.09861478649753,
      87.00081433251773,
      77.64816434096787
    ],
    [
      94.21821554179591,
      63.76224298488024,
      60.75280864091482,
      37.057518611279676,
      40.21962677027914,
      92.74235991924034,
      45.71695095501781,
      77.22730137086155,
      35.29562682019085,
      62.885402493991585,
      70.03443704218824,
      28.574840556959337,
      0.0,
      75.19966261293939,
      91.17662297297151,
      86.6316962482591,
      111.13783695858949,
      104.1804182070975
    ],
    [
      28.38379764971572,
      37.960204194092604,
      56.25123833162351,
      73.11635255637545,
      39.03930868323626,
      29.618992970831087,
      56.42314608086439,
      3.0855008178199927,
      66.56925168864363,
      55.97065611981318,
      50.66781408890993,
      47.778013991730646,
      75.19966261293939,
      0.0,
      22.248886127654384,
      18.55323285457934,
      43.36000437342207,
      30.305056529475554
    ],
    [
      6.640837336515921,
      60.0649341645468,
      55.86770982091402,
      80.51721370403047,
      51.553670251145924,
      43.21033093526372,
      61.708737481012086,
      22.961860704644998,
      74.54276982399038,
      54.738821936424046,
      46.347872045723584,
      66.00559838458287,
      91.17662297297151,
      22.248886127654384,
      0.0,
      32.88633944498403,
      21.481936386847714,
      15.528871626594157
    ],
    [
      39.485355920462915,
      34.40411478756982,
      74.75847266709087,
      89.8651780078997,
      54.77062029891265,
      11.252163294558484,
      74.12794957618581,
      15.499724103821736,
      83.23953899408265,
      74.51186871992041,
      69.12393806977572,
      58.09861478649753,
      86.6316962482591,
      18.55323285457934,
      32.88633944498403,
      0.0,
      49.96207081297175,
      31.908347657081908
    ],
    [
      16.990785614825462,
      80.57569779283867,
      67.916803399378,
      96.23283245604378,
      70.9980573118936,
      58.39398697410225,
      77.05655624821908,
      43.58690041017081,
      90.82865036815713,
      66.27159826159314,
      56.50925575221048,
      87.00081433251773,
      111.13783695858949,
      43.36000437342207,
      21.481936386847714,
      49.96207081297175,
      0.0,
      19.15043986692378
    ],
    [
      17.94721919633153,
      64.62502434510024,
      71.35367658780372,
      95.77027913258483,
      65.4703026427827,
      39.48652474336333,
      77.09252438647708,
      29.387909968846817,
      89.69196239825274,
      70.1819288515745,
      61.56948698103593,
      77.64816434096787,
      104.1804182070975,
      30.305056529475554,
      15.528871626594157,
      31.908347657081908,
      19.15043986692378,
      0.0
    ]
  ]
}