{
  "n": 8,
  "points": [
    [
      14.792062434808473,
      22.829835699996647
    ],
    [
      80.74933620503766,
      29.847457554008315
    ],
    [
      18.57067421006168,
      77.21373073244318
    ],
    [
      40.54395228285736,
      99.59045380032603
    ],
    [
      48.582548535343214,
      65.1420117885684
    ],
    [
      60.05457719326384,
      2.3423070139407587
    ],
    [
      32.845835701034645,
      82.02686531195772
    ],
    [
      44.130426649227886,
      23.668364235238272
    ]
  ],
  "distances": [
    [
      0.0,
      66.32954831511267,
      54.51500661146658,
      80.96513028391085,
      54.14902765757419,
      49.68333799093367,
      61.88882810352527,
      29.350344885236698
    ],
    [
      66.32954831511267,
      0.0,
      78.16488880756876,
      80.50191564021195,
      47.75361544012673,
      34.421016207938614,
      70.8338616376897,
      37.13658211654171
    ],
    [
      54.51500661146658,
      78.16488880756876,
      0.0,
      31.361484093089793,
      32.348709383473064,
      85.59581938596801,
      15.064743611289112,
      59.33301962711367
    ],
    [
      80.96513028391085,
      80.50191564021195,
      31.361484093089793,
      0.0,
      35.37391958417823,
      99.18601987064967,
      19.176564851299037,
      76.00675287308253
    ],
    [
      54.14902765757419,
      47.75361544012673,
      32.348709383473064,
      35.37391958417823,
      0.0,
      63.83894079093528,
      23.081213341932546,
      41.71192671966464
    ],
    [
      49.68333799093367,
      34.421016207938614,
      85.59581938596801,
      99.18601987064967,
      63.83894079093528,
      0.0,
      84.20180784722511,
      26.61539567910228
    ],
    [
      61.88882810352527,
      70.8338616376897,
      15.064743611289112,
      19.176564851299037,
      23.081213341932546,
      84.20180784722511,
      0.0,
      59.43952086608295
    ],
    [
      29.350344885236698,
      37.13658211654171,
      59.33301962711367,
      76.00675287308253,
      41.71192671966464,
      26.61539567910228,
      59.43952086608295,
      0.0
    ]
  ]
}