{
  "n": 75,
  "points": [
    [
      12.898828866186996,
      46.115618279230944
    ],
    [
      41.615393127344745,
      60.27242315765673
    ],
    [
      18.306804693728516,
      41.791271334206506
    ],
    [
      13.408870644786264,
      65.66181275775001
    ],
    [
      80.67323185976491,
      13.814195925845462
    ],
    [
      35.03847371280278,
      61.4515805366465
    ],
    [
      55.12802876953985,
      69.24746523745837
    ],
    [
      4.526021598673058,
      35.25511579243784
    ],
    [
      4.189156765724189,
      15.048464650971283
    ],
    [
      33.8335571865699,
      16.327756502900304
    ],
    [
      76.09747325923288,
      34.660194075606384
    ],
    [
      26.199118453225367,
      18.568837354719836
    ],
    [
      90.40141467222665,
      20.747843652056986
    ],
    [
      34.62854467466615,
      38.25658696460819
    ],
    [
      5.1208033077473125,
      87.08716573392738
    ],
    [
      66.03923611056686,
      85.45657802006357
    ],
    [
      1.0957985412236582,
      80.09468084826783
    ],
    [
      38.55919371138289,
      46.52208311733194
    ],
    [
      23.89672294754799,
      30.02017440479452
    ],
    [
      4.188875276684135,
      58.077468711448624
    ],
    [
      39.4042732154641,
      91.16860734052558
    ],
    [
      17.255008854906283,
      34.798512810174955
    ],
    [
      83.87942259864083,
      28.43706610550939
    ],
    [
      60.98294327727126,
      45.40315201100529
    ],
    [
      44.918175596669904,
      20.239094833700477
    ],
    [
      9.228579773802526,
      75.14659005486163
    ],
    [
      88.76245525259317,
      81.21129624978981
    ],
    [
      81.13005439418058,
      45.4462556797534
    ],
    [
      88.18014182510043,
      73.63296602692975
    ],
    [
      81.05654071676062,
      24.772535658863028
    ],
    [
      36.48929728831073,
      74.63746256674976
    ],
    [
      82.15274838371064,
      35.49709573226959
    ],
    [
      12.39187651003525,
      87.94590078627654
    ],
    [
      50.591618506964075,
      40.80166418754621
    ],
    [
      88.41488976037827,
      88.21205014058698
    ],
    [
      95.3199008633969,
      93.64264653717407
    ],
    [
      35.388099781008755,
      58.394003112292204
    ],
    [
      27.612964559324904,
      83.95978152633171
    ],
    [
      78.33067773098836,
      93.37743478387146
    ],
    [
      49.41972028230923,
      37.39459876918411
    ],
    [
      58.28344128364018,
      24.53192126033169
    ],
    [
      81.03157715129635,
      33.76748946621827
    ],
    [
      46.442844422429566,
      8.819365545509916
    ],
    [
      66.55333168634431,
      49.15487275487392
    ],
    [
      11.931013948840718,
      25.44268150537421
    ],
    [
      55.30437973615568,
      17.925407334207854
    ],
    [
      61.74466043396792,
      82.94264731921974
    ],
    [
      26.218836120345323,
      63.455133023261
    ],
    [
      96.77525569827755,
      21.14331025140077
    ],
    [
      99.25072670719427,
      29.702145176321572
    ],
    [
      33.70587582763791,
      92.47589572392955
    ],
    [
      20.54225370837677,
      68.91654027148938
    ],
    [
      12.34626465679598,
      85.57056201798673
    ],
    [
      52.27351033569722,
      69.91634676510829
    ],
    [
      16.71716189432,
      76.55708615818074
    ],
    [
      29.485363346983572,
      23.667559087926783
    ],
    [
      93.0323784140286,
      66.39747792110865
    ],
    [
      40.14588821288109,
      45.223697525146086
    ],
    [
      30.43192527412203,
      89.27326425438692
    ],
    [
      36.63653185542534,
      48.99229416816265
    ],
    [
      2.405523832114531,
      20.96291592688566
    ],
    [
      89.40518612293565,
      45.378368137458814
    ],
    [
      66.0176939980671,
      53.53254769009107
    ],
    [
      52.27081661052576,
      99.89951330818565
    ],
    [
      79.15580695514487,
      14.593447045955942
    ],
    [
      44.76081004893442,
      8.052642831570545
    ],
    [
      20.08880849188247,
      60.455268979178655
    ],
    [
      91.24780446203042,
      55.21900142388788
    ],
    [
      84.60230996729476,
      45.43459224947779
    ],
    [
      94.2447782691344,
      86.53086430990787
    ],
    [
      62.224289582098535,
      29.21879300790988
    ],
    [
      30.11431152716314,
      17.638220662095616
    ],
    [
      9.191901861177021,
      50.0662288366791
    ],
    [
      79.69365934959494,
      37.81382845756149
    ],
    [
      58.4137626049513,
      59.61724382162189
    ]
  ],
  "distances": [
    [
      0.0,
      32.01649867382476,
      6.924317948521398,
      19.55284790530541,
      75.07830303881205,
      26.93242678065152,
      48.14963829745964,
      13.713293397451007,
      32.26494107633652,
      36.40850943191745,
      64.22846251315423,
      30.589587156450648,
      81.54860388846416,
      23.107248263726472,
      41.703301816764856,
      66.11818203360066,
      35.97065773547278,
      25.66358388170245,
      19.49402441108475,
      14.796930671393985,
      52.2715066122047,
      12.126548572939265,
      73.1489978986087,
      48.08939245698162,
      41.16834986581287,
      29.26205820918301,
      83.58825527973049,
      68.23450874258202,
      80.15285714112538,
      71.42129136641032,
      37.01358942249032,
      70.06324564006417,
      41.83335433969708,
      38.06552901238081,
      86.45683910734301,
      95.14226991301281,
      25.622764105166265,
      40.60402050375415,
      80.71558799379783,
      37.547725511977525,
      50.25553722015203,
      69.24267234924447,
      50.161852513788176,
      53.74051302924066,
      20.69557876866738,
      50.92071030249285,
      61.173076834995,
      21.86507179977386,
      87.51497669745373,
      87.89796561948228,
      50.81543592261562,
      24.04795182578463,
      39.45881286397101,
      46.00913189013508,
      30.680003809303276,
      27.91108180524268,
      82.6603870887937,
      27.261653758967693,
      46.58317159411584,
      23.91137401688276,
      27.253768292912568,
      76.5099094135446,
      53.63417450455027,
      66.65478815078464,
      73.37325415122703,
      49.63845228065586,
      16.041240264219812,
      78.87606456712007,
      71.70671515604462,
      90.83256902668242,
      52.13927290523418,
      33.27664373543094,
      5.417437733568616,
      67.30875941176139,
      47.47528920955668
    ],
    [
      32.01649867382476,
      0.0,
      29.746315191786795,
      28.716779603929666,
      60.694988623199784,
      6.681787269122319,
      16.221673844980725,
      44.7379832826389,
      58.7020407755156,
      44.62836203589369,
      42.953464688816204,
      44.46178801679949,
      62.78748508478546,
      23.097902384845327,
      45.286703407648545,
      35.08227133756847,
      45.10830794184819,
      14.085886769908555,
      35.059233128314034,
      37.49082639055514,
      30.975203765697337,
      35.246963419455106,
      52.91255187371226,
      24.4171501867552,
      40.16933841543024,
      35.63911502946007,
      51.58761356576295,
      42.20454592950402,
      48.44357467246634,
      53.06454688016374,
      15.252252809855914,
      47.50888359260777,
      40.2471773860464,
      21.44022100953863,
      54.505189120400274,
      63.22773093801937,
      6.50443266458711,
      27.5165214423723,
      49.436362308510944,
      24.17234724000772,
      39.43611676133033,
      47.498916545512564,
      51.679023052349926,
      27.30385882125187,
      45.76323055443035,
      44.50458519666973,
      30.317098572208458,
      15.722073964919442,
      67.62912032308805,
      65.24088880998355,
      33.16058065295371,
      22.777136906312798,
      38.68691912290286,
      14.373612105985764,
      29.75083473742887,
      38.56233519946446,
      51.78052405901614,
      15.120303828171435,
      31.082450636039948,
      12.330059593718259,
      55.521628298124334,
      50.0569394740241,
      25.315967473188742,
      41.034672210267146,
      59.12572645622054,
      52.31442539983901,
      21.527361163462846,
      49.8890100735098,
      45.4756665202885,
      58.81630651570248,
      37.270022250597464,
      44.158239326387836,
      33.991898864359,
      44.20794990039355,
      16.811141456443423
    ],
    [
      6.924317948521398,
      29.746315191786795,
      0.0,
      24.367858047044148,
      68.35413656730398,
      25.816206268532103,
      45.93087334347207,
      15.252255963599598,
      30.240464485784198,
      29.823994208323388,
      58.22897591505537,
      24.52692513157653,
      75.10298686847028,
      16.70009549667369,
      47.176145264548296,
      64.691916163715,
      41.992498296522484,
      20.797592193563318,
      13.030959634884779,
      21.55356481037731,
      53.69566545920218,
      7.071417556754775,
      66.91862981407932,
      42.8287110058799,
      34.24414363424613,
      34.56864843544294,
      80.7337417689658,
      62.92948127461041,
      76.78656629110954,
      65.01666505556419,
      37.54297957590525,
      64.15544538207483,
      46.53209854795009,
      32.299977171199465,
      84.08348408994182,
      92.84170448714043,
      23.8206075563534,
      43.183189591175456,
      79.14542054881406,
      31.422034403681906,
      43.54327316606351,
      63.235892935252494,
      43.34493399410971,
      48.80522505563989,
      17.547851635285603,
      44.02726454694251,
      59.83546654593556,
      23.063459076605465,
      81.139608699638,
      81.84170991727437,
      52.972280877025774,
      27.217227030265505,
      44.18319058541157,
      44.09939863719304,
      34.802138506197835,
      21.293875155786303,
      78.67259224422001,
      22.10717346276474,
      49.005695595115725,
      19.693492013287134,
      26.20441035424386,
      71.18881306307144,
      49.1343721713843,
      67.3061801827355,
      66.65075185040604,
      42.873178708513585,
      18.74887584971859,
      74.16665950789987,
      66.39554056387449,
      88.13743251519453,
      45.68164500305793,
      26.884699633642214,
      12.310823502698053,
      61.51557507150074,
      43.89001444536885
    ],
    [
      19.55284790530541,
      28.716779603929666,
      24.367858047044148,
      0.0,
      84.92743762063657,
      22.035557270819535,
      41.87296333367669,
      31.67762976480972,
      51.446225620445006,
      53.39491480362894,
      69.93540776076908,
      48.7989628097943,
      89.13538274245809,
      34.66007741923617,
      22.97254470747819,
      56.229779484288635,
      18.97154252942599,
      31.604873058793967,
      37.15267729797427,
      11.938617558180345,
      36.41919170848679,
      31.102026666848126,
      79.6980580441231,
      51.707888393287284,
      55.281638924317086,
      10.365125765847417,
      76.94120580102143,
      70.6740933892538,
      75.19496178841264,
      79.04517852365353,
      24.76425616772915,
      75.07083907757719,
      22.307282585138807,
      44.7278853235305,
      78.32251342743574,
      86.55832675407898,
      23.14967754559837,
      23.164022642646177,
      70.59034452127904,
      45.78009041375589,
      60.87195630675011,
      74.76682615632647,
      65.74425624051372,
      55.64901443562349,
      40.246274102202094,
      63.51376295564453,
      51.33201552330519,
      12.998640349498848,
      94.50847169590035,
      93.06944689212465,
      33.629800247843676,
      7.840816610571371,
      19.937086762932264,
      39.096819281421084,
      11.386473267077685,
      44.966331392379175,
      79.62690621084793,
      33.65389520839762,
      29.108160895037443,
      28.59015731549629,
      46.03330336806375,
      78.65658327132464,
      53.98895596043916,
      51.79257652622968,
      83.25045111392429,
      65.58780804375763,
      8.469336913787787,
      78.53630960492067,
      74.01112248883925,
      83.48629392983477,
      60.918296221353266,
      50.846210801242485,
      16.155651133925254,
      71.89703361909083,
      45.40899816082417
    ],
    [
      75.07830303881205,
      60.694988623199784,
      68.35413656730398,
      84.92743762063657,
      0.0,
      65.96856496611936,
      61.03609380927526,
      79.10822128750317,
      76.49403350769708,
      46.90706887309492,
      21.342286794769173,
      54.681218407655294,
      11.946255129699608,
      52.13006519912848,
      105.2477912576022,
      73.1217118489542,
      103.56481340261439,
      53.32352289275702,
      59.04409964356479,
      88.36907897913484,
      87.67457962771537,
      66.7997946418695,
      14.970236850008696,
      37.22324020033769,
      36.32772184370011,
      94.15944393039493,
      67.8808122165233,
      31.6353582420486,
      60.28796690579331,
      10.96504151310349,
      75.17772169389735,
      21.733318043042946,
      100.78617541066889,
      40.41320211371169,
      74.79955868057017,
      81.16099087558804,
      63.5460651509687,
      87.95336915223479,
      79.59771691088599,
      39.151211784263964,
      24.82281930781054,
      19.956511079250454,
      34.59288589635748,
      38.056996986640875,
      69.71882242397884,
      25.699819402357708,
      71.67310240437209,
      73.68516710474968,
      17.691554157085502,
      24.444840891115838,
      91.61656808554051,
      81.55981170790326,
      99.08355323617029,
      62.880803998008744,
      89.59380090236019,
      52.12759968083752,
      54.016201726362965,
      51.27399315236802,
      90.65461863823624,
      56.36248347277044,
      78.59350047907779,
      32.74971744394889,
      42.3359452107073,
      90.64976040127438,
      1.7058167103632749,
      36.37165839465067,
      76.45823729582825,
      42.73382154747347,
      31.863570396907047,
      73.9722970632883,
      24.034664183745388,
      50.703329184401944,
      80.14855225476745,
      24.01961539992019,
      50.92546679264493
    ],
    [
      26.93242678065152,
      6.681787269122319,
      25.816206268532103,
      22.035557270819535,
      65.96856496611936,
      0.0,
      21.54915405871012,
      40.21522720452573,
      55.72189444016341,
      45.139908277085375,
      49.026725693835104,
      43.78428786918998,
      68.71571456403947,
      23.198615661784785,
      39.39860696614257,
      39.20825389406526,
      38.72557794316966,
      15.339014391469949,
      33.34774207559604,
      31.033568184769113,
      30.036009844183788,
      32.041186644441225,
      58.95249317198388,
      30.506844463566633,
      42.38015440190866,
      29.218211972097897,
      57.242576440548,
      48.79143606702553,
      54.5199325221563,
      58.847385871652854,
      13.265457924966242,
      53.79024223059776,
      34.85423030787446,
      25.851873398517686,
      59.708998681164445,
      68.338241048206,
      3.077501924205774,
      23.701419746092213,
      53.791031763364195,
      28.027818763738274,
      43.6278553042487,
      53.6821614905709,
      53.85359529461164,
      33.828912122070975,
      42.78545905079772,
      48.01285974190727,
      34.27953267824345,
      9.044347949349795,
      73.730501851747,
      71.63267466956117,
      31.052921762105214,
      16.3053984391534,
      33.1158816814342,
      19.201530009221134,
      23.745457814754364,
      38.18991112286438,
      58.204423229102545,
      17.012638534646943,
      28.20046760973821,
      12.561353694530291,
      52.002320907794214,
      56.692923501222765,
      31.97535255017146,
      42.13308885127576,
      64.35855628156398,
      54.27679404555366,
      14.982827735015116,
      56.55381424513171,
      52.08759716144903,
      64.29896557330348,
      42.16658838881719,
      44.08920362999755,
      28.243078971903955,
      50.52552748471466,
      23.447151681504717
    ],
    [
      48.14963829745964,
      16.221673844980725,
      45.93087334347207,
      41.87296333367669,
      61.03609380927526,
      21.54915405871012,
      0.0,
      60.95935490564875,
      74.37943496420998,
      57.04340533793873,
      40.44745886492495,
      58.35413589597957,
      59.97020132504972,
      37.15727902145954,
      53.094044036881094,
      19.539441722784638,
      55.11028932924554,
      28.124176213538654,
      50.14154773655453,
      52.149460025582094,
      26.977267464055622,
      51.19664013186283,
      49.921251230563605,
      24.552623019426033,
      50.06057801747295,
      46.27698231003828,
      35.69885008421899,
      35.250573229300244,
      33.34178751374935,
      51.48113336765407,
      19.402432384603994,
      43.23682356465753,
      46.6477245095714,
      28.805253261195027,
      38.31018918214023,
      47.016076538296595,
      22.526926922566844,
      31.20145844469613,
      33.475638143865616,
      32.36031347238621,
      44.826738686909756,
      43.929745042440025,
      61.04905944831051,
      23.11384475616183,
      61.52106279343983,
      51.32236088770688,
      15.209793780170392,
      29.48376726451136,
      63.62783382904391,
      59.250694612259544,
      31.59855407342339,
      34.58735820953187,
      45.78998612256783,
      2.931838670046272,
      39.10019503929007,
      52.297936236272946,
      38.01134238191291,
      28.312646480938824,
      31.795127836239384,
      27.426399930926788,
      71.49167943895264,
      41.76909518530013,
      19.119190419835984,
      30.784926705317876,
      59.70256132707972,
      62.06678268839962,
      36.125471245511854,
      38.74836761780409,
      37.89176918627611,
      42.76489184964202,
      40.65281685173221,
      57.351549028088016,
      49.7799918160278,
      39.89415655213459,
      10.175323648670997
    ],
    [
      13.713293397451007,
      44.7379832826389,
      15.252255963599598,
      31.67762976480972,
      79.10822128750317,
      40.21522720452573,
      60.95935490564875,
      0.0,
      20.209458881142993,
      34.888057726263334,
      71.57392419484215,
      27.352422477138255,
      87.09215854766953,
      30.25178878575722,
      51.83546244048098,
      79.39812572962913,
      44.970579545074436,
      35.84970511389964,
      20.06560943702847,
      22.824843053180246,
      65.90000738195913,
      12.737174052856433,
      79.64576606320709,
      57.36171758687782,
      43.09300395692011,
      40.16769562994742,
      95.95700744062408,
      77.27895685591277,
      92.03733600815843,
      77.2450959138558,
      50.7210038373053,
      77.62710393702804,
      53.27467031107314,
      46.398312659152054,
      99.2057412502227,
      107.94735873751043,
      38.57299542599094,
      53.89945639353636,
      93.94323409246283,
      44.94465005876565,
      54.81648540502284,
      76.52001739742347,
      49.55672433440435,
      63.56563883362547,
      12.292997126168359,
      53.65408139541386,
      74.4853897974746,
      35.578352599444486,
      93.32236734883914,
      94.88732918867386,
      64.23146852432882,
      37.27748903763227,
      50.91954762529044,
      59.00189499696647,
      43.06363498127917,
      27.51799794478543,
      93.82548649317147,
      36.98847819761792,
      59.90889924292394,
      34.925562825464596,
      14.44865003295704,
      85.4807160029548,
      64.1505283785547,
      80.36456670011889,
      77.43713203458921,
      48.56760995585434,
      29.618373630546525,
      88.9900238931585,
      80.72071419303778,
      103.33759085889453,
      58.013165066613915,
      31.066309331781632,
      15.528667303838976,
      75.21117453913668,
      59.13883591067783
    ],
    [
      32.26494107633652,
      58.7020407755156,
      30.240464485784198,
      51.446225620445006,
      76.49403350769708,
      55.72189444016341,
      74.37943496420998,
      20.209458881142993,
      0.0,
      29.671991236751357,
      74.53472956921298,
      22.2897159573326,
      86.40044174849636,
      38.277581919392105,
      72.04472512959407,
      93.7162458870301,
      65.1197290127234,
      46.60352024270251,
      24.74955065781379,
      43.02900406139807,
      83.87121407042376,
      23.68081276280965,
      80.80713531260331,
      64.39674860615708,
      41.05844147828057,
      60.30904128997641,
      107.3785970392734,
      82.72803289878294,
      102.4042448959712,
      77.48001208339203,
      67.78014274391496,
      80.60067078551646,
      73.35748636849969,
      53.069913717829564,
      111.56560554303046,
      120.34059143180673,
      53.40608345285043,
      72.78354460348771,
      107.85357060905993,
      50.44951522122872,
      54.9192822856132,
      79.08956606750873,
      42.7103710620275,
      71.08120277035032,
      12.96055927265976,
      51.19612112767485,
      89.00705613991909,
      53.183759883748856,
      92.7864907108876,
      96.18436688296096,
      82.86280098293591,
      56.29558908718914,
      70.99228568083572,
      72.95607956800457,
      62.771501752142846,
      26.724274663962497,
      102.6150047345245,
      46.94072022640515,
      78.72740167916484,
      46.957594833039636,
      6.177546465792241,
      90.45261027139445,
      72.82714235539578,
      97.52715761089402,
      74.96803106420657,
      41.17038466011493,
      48.11004889119569,
      95.87950856848302,
      85.96273586998018,
      114.97716479964801,
      59.74006065244384,
      26.05418364872934,
      35.373312921691664,
      78.86185199248209,
      70.190340896606
    ],
    [
      36.40850943191745,
      44.62836203589369,
      29.823994208323388,
      53.39491480362894,
      46.90706887309492,
      45.139908277085375,
      57.04340533793873,
      34.888057726263334,
      29.671991236751357,
      0.0,
      46.068610453911745,
      7.9565757809238145,
      56.74028261230034,
      21.943236099640302,
      76.36305540004146,
      76.26270201944983,
      71.67971457524624,
      30.561888034995828,
      16.918125862338044,
      51.2039611264101,
      75.04789025132057,
      24.81969184635524,
      51.490038103452186,
      39.7802437028068,
      11.754460125225432,
      63.7578237857608,
      85.01210250801803,
      55.541386752780305,
      78.9774543807654,
      47.97212178427849,
      58.37015313274856,
      51.98276449397897,
      74.75897445008844,
      29.661503275705048,
      90.25781704274615,
      98.7834129788839,
      42.09496058294983,
      67.91749834471369,
      88.97553967212374,
      26.205730730499926,
      25.789632640409003,
      50.316969050436214,
      14.67549179296678,
      46.34871308608987,
      23.72347483151067,
      21.530181353964,
      72.2258496866397,
      47.738596487624655,
      63.12564430913476,
      66.77035525199673,
      76.14824626578522,
      54.242408928889276,
      72.50013693683732,
      56.67247019879073,
      62.61424070069841,
      8.531089710803531,
      77.53371806909306,
      29.577371934416984,
      73.02477799206224,
      32.784580032075866,
      31.768002509042322,
      62.70680966994788,
      49.19364948429459,
      85.58137104877443,
      45.3554203307338,
      13.707018690856238,
      46.218562007317075,
      69.34641102257541,
      58.52071552953363,
      92.61744964340582,
      31.18032245067406,
      3.943362091864187,
      41.77912986878282,
      50.64385706523519,
      49.781183299792936
    ],
    [
      64.22846251315423,
      42.953464688816204,
      58.22897591505537,
      69.93540776076908,
      21.342286794769173,
      49.026725693835104,
      40.44745886492495,
      71.57392419484215,
      74.53472956921298,
      46.068610453911745,
      0.0,
      52.42878573326903,
      19.953852616825483,
      41.62458504014135,
      88.23987213649228,
      51.782629871140315,
      87.69004389781779,
      39.36784021318343,
      52.40656557768685,
      75.62549315664842,
      67.3764921851155,
      58.84262697438631,
      9.96423891992335,
      18.54346682196636,
      34.35282675524104,
      78.17030878380159,
      48.24320555812399,
      11.902352616532829,
      40.80279197852104,
      11.061561328063338,
      56.27601264976491,
      6.112835775321039,
      83.05281209463614,
      26.234829554995848,
      54.95015957453707,
      62.0357269754971,
      47.122677983953835,
      69.14619951004659,
      58.75969331612454,
      26.817521752130993,
      20.491989787428444,
      5.014210081089401,
      39.33376959522714,
      17.354721212930876,
      64.82512659775222,
      26.690931522513846,
      50.3706117415582,
      57.59363638312804,
      24.7037817937565,
      23.678162811190298,
      71.69172120886991,
      65.2677537076006,
      81.58481575820328,
      42.550881446187155,
      72.67304138380946,
      47.890780056749634,
      35.97285363287023,
      37.47137670907627,
      71.18939322070999,
      41.983032162265076,
      74.9541115553536,
      17.087260660589404,
      21.395506091326304,
      69.45414559971036,
      20.298466477730173,
      41.10898009388784,
      61.663250143844536,
      25.53814979864857,
      13.726612963142808,
      54.95353591606319,
      14.9021498757406,
      49.03262935809124,
      68.65640094819807,
      4.783091491029927,
      30.587055342570075
    ],
    [
      30.589587156450648,
      44.46178801679949,
      24.52692513157653,
      48.7989628097943,
      54.681218407655294,
      43.78428786918998,
      58.35413589597957,
      27.352422477138255,
      22.2897159573326,
      7.9565757809238145,
      52.42878573326903,
      0.0,
      64.2392629801761,
      21.41641219075624,
      71.68721429413343,
      77.85373996324834,
      66.45002699921847,
      30.563956043881316,
      11.680502784511315,
      45.22590802153532,
      73.7909392424746,
      18.53104049685678,
      58.51836827001879,
      43.93170737021779,
      18.79342598851079,
      59.0681071617179,
      88.53388485710803,
      61.153931510313996,
      82.90781341137043,
      55.20708876628655,
      57.00507445504406,
      58.45831535457365,
      70.73766224907374,
      33.004433760482655,
      93.38618359522741,
      102.04782891447435,
      40.871520713823045,
      65.40622707714148,
      91.18127944949988,
      29.893237398100336,
      32.63375769278868,
      56.899890622759685,
      22.46910415826166,
      50.635640483393814,
      15.837567349676114,
      29.11237256801545,
      73.53552178403496,
      44.88629999933269,
      70.62307738358749,
      73.89511493692852,
      74.28731172325507,
      50.66449750798675,
      68.4188034545875,
      57.58854603730367,
      58.758356848001235,
      6.066001056250216,
      82.18432633669948,
      30.08311748196691,
      70.83101465314044,
      32.164053273924345,
      23.913735743364274,
      68.65681270681463,
      52.99037647380903,
      85.40733162822173,
      53.105692587483944,
      21.33369968249603,
      42.329765438213215,
      74.66301680061586,
      64.28609153692794,
      96.17197579149617,
      37.56640134853898,
      4.02427437369784,
      35.795685303911206,
      56.85099461101636,
      52.18002463869039
    ],
    [
      81.54860388846416,
      62.78748508478546,
      75.10298686847028,
      89.13538274245809,
      11.946255129699608,
      68.71571456403947,
      59.97020132504972,
      87.09215854766953,
      86.40044174849636,
      56.74028261230034,
      19.953852616825483,
      64.2392629801761,
      0.0,
      58.45655754617775,
      108.0448440647748,
      69.14286693346924,
      107.22658326054979,
      57.89583140577813,
      67.14797196477869,
      93.94734086765165,
      86.94706662808233,
      74.48367598194255,
      10.082684292716545,
      38.38399001524769,
      45.486084269416196,
      97.71516123736107,
      60.485661838302555,
      26.38123723586878,
      52.93175060081282,
      10.174714491974491,
      76.22734042053378,
      16.899139991874033,
      102.96148273452667,
      44.57550435821634,
      67.49344737344809,
      73.06054882132221,
      66.66106912903328,
      89.09623200451026,
      73.62581203816443,
      44.23362669958441,
      32.34012148918731,
      16.040730416500395,
      45.54826548118729,
      37.09030014100478,
      78.61071995699892,
      35.21033950520926,
      68.4792170418798,
      77.09290469948692,
      6.386097654794052,
      12.58927477179166,
      91.42919434679239,
      84.85591142983502,
      101.46226520376939,
      62.21960131239733,
      92.4339799886696,
      60.98598238354536,
      45.72538768680756,
      55.89888516350565,
      91.06081993588464,
      60.73229461547718,
      87.99615367064818,
      24.650663434244553,
      40.8583241552676,
      87.85743746488345,
      12.819527702363976,
      47.37333547737761,
      80.74987438987827,
      34.481547149261466,
      25.358729693953936,
      65.8951989951413,
      29.422905385671076,
      60.36724741747981,
      86.33975145228241,
      20.147055899834555,
      50.33925063326665
    ],
    [
      23.107248263726472,
      23.097902384845327,
      16.70009549667369,
      34.66007741923617,
      52.13006519912848,
      23.198615661784785,
      37.15727902145954,
      30.25178878575722,
      38.277581919392105,
      21.943236099640302,
      41.62458504014135,
      21.41641219075624,
      58.45655754617775,
      0.0,
      57.05376607660234,
      56.6963022790414,
      53.61782504977072,
      9.152509410021565,
      13.528136953701416,
      36.32410805898302,
      53.12710686040498,
      17.714345139971684,
      50.220234628927535,
      27.306184604726067,
      20.7486512139555,
      44.78873234379393,
      69.1056244037594,
      47.054030033862475,
      64.18147515384376,
      48.34644202111162,
      36.42842996709692,
      47.60425117613039,
      54.438013548734034,
      16.164688188954113,
      73.4065338972348,
      82.16481187834123,
      20.151735733295432,
      46.238515952628994,
      70.34333158151432,
      14.816271444097735,
      27.348136724014573,
      46.61966773130464,
      31.719515812934798,
      33.73373176669492,
      26.064805277768258,
      28.997362305105018,
      52.26975917189442,
      26.564824890043298,
      64.45989397226053,
      65.18592551275454,
      54.22715887947569,
      33.74101850814674,
      52.29830052828202,
      36.24479554093701,
      42.281743951508574,
      15.469067475320221,
      64.82991238063445,
      8.887165424444445,
      51.18899272385078,
      10.921878120476551,
      36.57039964480124,
      55.237670257046915,
      34.908933975893014,
      64.1178612186849,
      50.42441151867076,
      31.858139349407317,
      26.536492071277305,
      59.105533439411786,
      50.486641573710834,
      76.71050228750376,
      29.038024323287093,
      21.106760288935888,
      28.04443685951991,
      45.06728964293331,
      31.968957651982407
    ],
    [
      41.703301816764856,
      45.286703407648545,
      47.176145264548296,
      22.97254470747819,
      105.2477912576022,
      39.39860696614257,
      53.094044036881094,
      51.83546244048098,
      72.04472512959407,
      76.36305540004146,
      88.23987213649228,
      71.68721429413343,
      108.0448440647748,
      57.05376607660234,
      0.0,
      60.940251652288445,
      8.068178744098038,
      52.57044683543371,
      60.076423476098995,
      29.024662120188307,
      34.52556262396594,
      53.67813492327529,
      98.19752694967049,
      69.70032770387412,
      77.79778547095583,
      12.62739779378845,
      83.84778937012804,
      86.66816970987828,
      84.14195864547031,
      98.23110167987906,
      33.7487410662898,
      92.71168149139666,
      7.321607159849733,
      64.88407114447563,
      83.30168187321733,
      90.43700309284539,
      41.70619638653118,
      22.708541339084004,
      73.47961076235644,
      66.57135462542898,
      82.09399909681079,
      92.76547559744277,
      88.50626886394845,
      72.19982267039077,
      62.01952438370035,
      85.45022040982153,
      56.775331163635634,
      31.679645809249006,
      112.91204859937812,
      110.24283679034477,
      29.088567889680537,
      23.832598728533036,
      7.3829112508414445,
      50.181817465329345,
      15.66391101672678,
      67.93878342330683,
      90.31338892688746,
      54.58302431232143,
      25.405352230147333,
      49.441484458934255,
      66.17997548484624,
      94.03978404633007,
      69.529444754122,
      48.859799475804095,
      103.61718493706007,
      88.41824441168534,
      30.549944418081886,
      91.83376407575571,
      89.7343121595589,
      89.12571112867666,
      81.2991802335196,
      73.80942639463005,
      37.24410842243074,
      89.38105293958355,
      59.9561182909768
    ],
    [
      66.11818203360066,
      35.08227133756847,
      64.691916163715,
      56.229779484288635,
      73.1217118489542,
      39.20825389406526,
      19.539441722784638,
      79.39812572962913,
      93.7162458870301,
      76.26270201944983,
      51.782629871140315,
      77.85373996324834,
      69.14286693346924,
      56.6963022790414,
      60.940251652288445,
      0.0,
      65.16440765175487,
      47.655509897511166,
      69.63609883882235,
      67.6393580825142,
      27.240567677295537,
      70.32880206388606,
      59.74526753562364,
      40.3713144730159,
      68.55231075897625,
      57.738605155100096,
      23.116381755922998,
      42.76164976055734,
      25.10014952991403,
      62.51457777935632,
      31.468272014700993,
      52.49376294609824,
      53.705082812925056,
      47.2513515046574,
      22.544677927690618,
      30.4034380643777,
      40.888569538831916,
      38.455412428856285,
      14.62256848098141,
      50.85432288289438,
      61.416334591772305,
      53.819440404084496,
      79.10297657525146,
      36.30534532850131,
      80.80450160961675,
      68.37906226017886,
      4.976266452942444,
      45.49426158680416,
      71.28042726569375,
      64.896532182985,
      33.08650794830868,
      48.41020818411602,
      53.69309244108815,
      20.760394831659625,
      50.11853908877115,
      71.7918412816679,
      33.0435928433474,
      47.845063886140856,
      35.8112786537213,
      46.84189379548312,
      90.60177585746246,
      46.39213863764673,
      31.924037598205135,
      19.954141306154813,
      72.06682844536984,
      80.27540469113056,
      52.31163591494522,
      39.36728282139881,
      44.11742349720013,
      28.225993330461876,
      56.367031854518395,
      76.74587807209122,
      66.96339467637326,
      49.56081980623204,
      26.941028896528856
    ],
    [
      35.97065773547278,
      45.10830794184819,
      41.992498296522484,
      18.97154252942599,
      103.56481340261439,
      38.72557794316966,
      55.11028932924554,
      44.970579545074436,
      65.1197290127234,
      71.67971457524624,
      87.69004389781779,
      66.45002699921847,
      107.22658326054979,
      53.61782504977072,
      8.068178744098038,
      65.16440765175487,
      0.0,
      50.30532075316439,
      55.02125361476569,
      22.23341525652651,
      39.87694922913298,
      48.09223343635616,
      97.57887872378444,
      69.20962561452657,
      74.1828275811658,
      9.519754885330725,
      87.67376762124476,
      87.21235850838293,
      87.323745932114,
      97.23301927647974,
      35.81174367344027,
      92.51580252014332,
      13.756563233324526,
      63.19633970714391,
      87.69558355793598,
      95.19311336817991,
      40.58178579758208,
      26.79737108156532,
      78.36873174660505,
      64.48642044647113,
      79.73485270232243,
      92.39013672112192,
      84.47795654287425,
      72.40138375957059,
      55.71573319184723,
      82.48387020765658,
      60.7156928800523,
      30.13372809697879,
      112.38248358671235,
      110.33493360996428,
      34.881393642215876,
      22.43023507059872,
      12.512324420447348,
      52.180040908632925,
      16.01691509625976,
      63.166347527910744,
      92.9513210596623,
      52.35355748452937,
      30.738489309524617,
      47.22819265766994,
      59.14626787089108,
      94.88819896747808,
      70.14555885886165,
      54.87361718675753,
      101.90081718615693,
      84.24184513392244,
      27.32107109081826,
      93.52103291971115,
      90.41382190919991,
      93.3710709047648,
      79.53017276781814,
      68.86859599920746,
      31.100720557241868,
      89.24849692032244,
      60.866036765925735
    ],
    [
      25.66358388170245,
      14.085886769908555,
      20.797592193563318,
      31.604873058793967,
      53.32352289275702,
      15.339014391469949,
      28.124176213538654,
      35.84970511389964,
      46.60352024270251,
      30.561888034995828,
      39.36784021318343,
      30.563956043881316,
      57.89583140577813,
      9.152509410021565,
      52.57044683543371,
      47.655509897511166,
      50.30532075316439,
      0.0,
      22.074896150542397,
      36.26080150150176,
      44.654521434905504,
      24.316874658265196,
      48.79539923713464,
      22.451649191415413,
      27.041304031701525,
      40.98350047729048,
      61.02220069060318,
      42.58445237348505,
      56.54412846478555,
      47.73957809976623,
      28.19147092272755,
      44.96608005830632,
      48.99654232479993,
      13.323004135463137,
      64.98956669289238,
      73.77076232085486,
      12.288137413049752,
      39.00514318410571,
      61.458888054672954,
      14.186684176490314,
      29.54002641821375,
      44.34617248728535,
      38.518136777813694,
      28.11766957336126,
      33.961759815776134,
      33.138665043259685,
      43.174336867263285,
      20.952627629759537,
      63.50741677507034,
      62.97914329141912,
      46.209388521846606,
      28.742335296584994,
      47.03085534067703,
      27.117781105643843,
      37.13725570853862,
      24.589909843115585,
      57.98585319070979,
      2.0502206191238126,
      43.51684709241447,
      3.130266961139306,
      44.275940116594946,
      50.85885398110015,
      28.33929871256076,
      55.11042239275399,
      51.64806683934998,
      38.966111957673526,
      23.136309092366155,
      53.40155513525948,
      46.055957171066176,
      68.56811868539133,
      29.316217545600693,
      30.09308135499525,
      29.580378623255225,
      42.04614087595509,
      23.78417835075734
    ],
    [
      19.49402441108475,
      35.059233128314034,
      13.030959634884779,
      37.15267729797427,
      59.04409964356479,
      33.34774207559604,
      50.14154773655453,
      20.06560943702847,
      24.74955065781379,
      16.918125862338044,
      52.40656557768685,
      11.680502784511315,
      67.14797196477869,
      13.528136953701416,
      60.076423476098995,
      69.63609883882235,
      55.02125361476569,
      22.074896150542397,
      0.0,
      34.28718453924409,
      63.08418950741576,
      8.181985333935101,
      60.00358730376442,
      40.150015421889464,
      23.185577177533194,
      47.45047748535433,
      82.63228293602288,
      59.27578099006153,
      77.6816164588679,
      57.40019581689071,
      46.36027751701437,
      58.512914530436625,
      59.05718642445703,
      28.789893554226833,
      86.88433835011986,
      95.65087194497718,
      30.612512099646747,
      54.06747329164632,
      83.52962274611195,
      26.567000727525343,
      34.821937345636655,
      57.2576102806706,
      30.948374591374535,
      46.75171601174962,
      12.811386852561572,
      33.65596968507552,
      65.06346525780828,
      33.5154989132766,
      73.41715911894826,
      75.35467487288994,
      63.22133030645935,
