{
  "n": 12,
  "points": [
    [
      51.63986277024462,
      57.06675868681398
    ],
    [
      2.8474226478096942,
      17.152165622510307
    ],
    [
      68.52769816973125,
      83.38968626360766
    ],
    [
      30.69662196722378,
      89.36130796833973
    ],
    [
      72.15438617683047,
      18.993895420479678
    ],
    [
      55.422759112478715,
      35.21319540266141
    ],
    [
      18.189240266007868,
      78.56017618643588
    ],
    [
      96.54832224119693,
      23.23536618147607
    ],
    [
      8.356143366334368,
      60.35484222912185
    ],
    [
      72.89927572876178,
      27.62388284972628
    ],
    [
      68.53063287801783,
      51.78674741970474
    ],
    [
      4.848453742640057,
      13.786923756210612
    ]
  ],
  "distances": [
    [
      0.0,
      63.03869409014083,
      31.2745183926672,
      38.49100217752472,
      43.24798940871525,
      22.178560209142276,
      39.76067330584334,
      56.2257312171607,
      43.408430734335845,
      36.31591354900672,
      17.696797275621524,
      63.738372040779865
    ],
    [
      63.03869409014083,
      0.0,
      93.28080045387328,
      77.39339856249181,
      69.3314298299245,
      55.591067637639966,
      63.29545899390612,
      93.89815713660539,
      43.552465715848555,
      70.83021235152461,
      74.25522447890296,
      3.9152239094557864
    ],
    [
      31.2745183926672,
      93.28080045387328,
      0.0,
      38.29948553733267,
      64.49783519012652,
      49.927083826007106,
      50.56960066789568,
      66.36036164682906,
      64.42996234013552,
      55.936888729623526,
      31.602938980164183,
      94.33764211313712
    ],
    [
      38.49100217752472,
      77.39339856249181,
      38.29948553733267,
      0.0,
      81.67202067991265,
      59.52646430413389,
      16.525708601750306,
      93.32248714095053,
      36.61245742636266,
      74.78351185116048,
      53.32222784187773,
      79.87249432444746
    ],
    [
      43.24798940871525,
      69.3314298299245,
      64.49783519012652,
      81.67202067991265,
      0.0,
      23.302640110780334,
      80.37648149468286,
      24.759931157593833,
      76.03251742915228,
      8.662075009692007,
      32.992464748995864,
      67.5070447786622
    ],
    [
      22.178560209142276,
      55.591067637639966,
      49.927083826007106,
      59.52646430413389,
      23.302640110780334,
      0.0,
      57.14276567300022,
      42.83433594099561,
      53.36074140172409,
      19.053249015990865,
      21.130522499809356,
      54.925817975786146
    ],
    [
      39.76067330584334,
      63.29545899390612,
      50.56960066789568,
      16.525708601750306,
      80.37648149468286,
      57.14276567300022,
      0.0,
      95.92174065392736,
      20.691157027476738,
      74.75087932070845,
      57.01817515532883,
      66.13282706380967
    ],
    [
      56.2257312171607,
      93.89815713660539,
      66.36036164682906,
      93.32248714095053,
      24.759931157593833,
      42.83433594099561,
      95.92174065392736,
      0.0,
      95.68550525940438,
      24.052785275199025,
      40.00215354030674,
      92.18535104297308
    ],
    [
      43.408430734335845,
      43.552465715848555,
      64.42996234013552,
      36.61245742636266,
      76.03251742915228,
      53.36074140172409,
      20.691157027476738,
      95.68550525940438,
      0.0,
      72.36802910850528,
      60.78142345038378,
      46.69983851573665
    ],
    [
      36.31591354900672,
      70.83021235152461,
      55.936888729623526,
      74.78351185116048,
      8.662075009692007,
      19.053249015990865,
      74.75087932070845,
      24.052785275199025,
      72.36802910850528,
      0.0,
      24.554613916420607,
      69.44332804483417
    ],
    [
      17.696797275621524,
      74.25522447890296,
      31.602938980164183,
      53.32222784187773,
      32.992464748995864,
      21.130522499809356,
      57.01817515532883,
      40.00215354030674,
      60.78142345038378,
      24.554613916420607,
      0.0,
      74.15798364226869
    ],
    [
      63.738372040779865,
      3.9152239094557864,
      94.33764211313712,
      79.87249432444746,
      67.5070447786622,
      54.925817975786146,
      66.13282706380967,
      92.18535104297308,
      46.69983851573665,
      69.44332804483417,
      74.15798364226869,
      0.0
    ]
  ]
}