{
  "n": 30,
  "points": [
    [
      12.898828866186996,
      46.115618279230944
    ],
    [
      41.615393127344745,
      60.27242315765673
    ],
    [
      18.306804693728516,
      41.791271334206506
    ],
    [
      13.408870644786264,
      65.66181275775001
    ],
    [
      80.67323185976491,
      13.814195925845462
    ],
    [
      35.03847371280278,
      61.4515805366465
    ],
    [
      55.12802876953985,
      69.24746523745837
    ],
    [
      4.526021598673058,
      35.25511579243784
    ],
    [
      4.189156765724189,
      15.048464650971283
    ],
    [
      33.8335571865699,
      16.327756502900304
    ],
    [
      76.09747325923288,
      34.660194075606384
    ],
    [
      26.199118453225367,
      18.568837354719836
    ],
    [
      90.40141467222665,
      20.747843652056986
    ],
    [
      34.62854467466615,
      38.25658696460819
    ],
    [
      5.1208033077473125,
      87.08716573392738
    ],
    [
      66.03923611056686,
      85.45657802006357
    ],
    [
      1.0957985412236582,
      80.09468084826783
    ],
    [
      38.55919371138289,
      46.52208311733194
    ],
    [
      23.89672294754799,
      30.02017440479452
    ],
    [
      4.188875276684135,
      58.077468711448624
    ],
    [
      39.4042732154641,
      91.16860734052558
    ],
    [
      17.255008854906283,
      34.798512810174955
    ],
    [
      83.87942259864083,
      28.43706610550939
    ],
    [
      60.98294327727126,
      45.40315201100529
    ],
    [
      44.918175596669904,
      20.239094833700477
    ],
    [
      9.228579773802526,
      75.14659005486163
    ],
    [
      88.76245525259317,
      81.21129624978981
    ],
    [
      81.13005439418058,
      45.4462556797534
    ],
    [
      88.18014182510043,
      73.63296602692975
    ],
    [
      81.05654071676062,
      24.772535658863028
    ]
  ],
  "distances": [
    [
      0.0,
      32.01649867382476,
      6.924317948521398,
      19.55284790530541,
      75.07830303881205,
      26.93242678065152,
      48.14963829745964,
      13.713293397451007,
      32.26494107633652,
      36.40850943191745,
      64.22846251315423,
      30.589587156450648,
      81.54860388846416,
      23.107248263726472,
      41.703301816764856,
      66.11818203360066,
      35.97065773547278,
      25.66358388170245,
      19.49402441108475,
      14.796930671393985,
      52.2715066122047,
      12.126548572939265,
      73.1489978986087,
      48.08939245698162,
      41.16834986581287,
      29.26205820918301,
      83.58825527973049,
      68.23450874258202,
      80.15285714112538,
      71.42129136641032
    ],
    [
      32.01649867382476,
      0.0,
      29.746315191786795,
      28.716779603929666,
      60.694988623199784,
      6.681787269122319,
      16.221673844980725,
      44.7379832826389,
      58.7020407755156,
      44.62836203589369,
      42.953464688816204,
      44.46178801679949,
      62.78748508478546,
      23.097902384845327,
      45.286703407648545,
      35.08227133756847,
      45.10830794184819,
      14.085886769908555,
      35.059233128314034,
      37.49082639055514,
      30.975203765697337,
      35.246963419455106,
      52.91255187371226,
      24.4171501867552,
      40.16933841543024,
      35.63911502946007,
      51.58761356576295,
      42.20454592950402,
      48.44357467246634,
      53.06454688016374
    ],
    [
      6.924317948521398,
      29.746315191786795,
      0.0,
      24.367858047044148,
      68.35413656730398,
      25.816206268532103,
      45.93087334347207,
      15.252255963599598,
      30.240464485784198,
      29.823994208323388,
      58.22897591505537,
      24.52692513157653,
      75.10298686847028,
      16.70009549667369,
      47.176145264548296,
      64.691916163715,
      41.992498296522484,
      20.797592193563318,
      13.030959634884779,
      21.55356481037731,
      53.69566545920218,
      7.071417556754775,
      66.91862981407932,
      42.8287110058799,
      34.24414363424613,
      34.56864843544294,
      80.7337417689658,
      62.92948127461041,
      76.78656629110954,
      65.01666505556419
    ],
    [
      19.55284790530541,
      28.716779603929666,
      24.367858047044148,
      0.0,
      84.92743762063657,
      22.035557270819535,
      41.87296333367669,
      31.67762976480972,
      51.446225620445006,
      53.39491480362894,
      69.93540776076908,
      48.7989628097943,
      89.13538274245809,
      34.66007741923617,
      22.97254470747819,
      56.229779484288635,
      18.97154252942599,
      31.604873058793967,
      37.15267729797427,
      11.938617558180345,
      36.41919170848679,
      31.102026666848126,
      79.6980580441231,
      51.707888393287284,
      55.281638924317086,
      10.365125765847417,
      76.94120580102143,
      70.6740933892538,
      75.19496178841264,
      79.04517852365353
    ],
    [
      75.07830303881205,
      60.694988623199784,
      68.35413656730398,
      84.92743762063657,
      0.0,
      65.96856496611936,
      61.03609380927526,
      79.10822128750317,
      76.49403350769708,
      46.90706887309492,
      21.342286794769173,
      54.681218407655294,
      11.946255129699608,
      52.13006519912848,
      105.2477912576022,
      73.1217118489542,
      103.56481340261439,
      53.32352289275702,
      59.04409964356479,
      88.36907897913484,
      87.67457962771537,
      66.7997946418695,
      14.970236850008696,
      37.22324020033769,
      36.32772184370011,
      94.15944393039493,
      67.8808122165233,
      31.6353582420486,
      60.28796690579331,
      10.96504151310349
    ],
    [
      26.93242678065152,
      6.681787269122319,
      25.816206268532103,
      22.035557270819535,
      65.96856496611936,
      0.0,
      21.54915405871012,
      40.21522720452573,
      55.72189444016341,
      45.139908277085375,
      49.026725693835104,
      43.78428786918998,
      68.71571456403947,
      23.198615661784785,
      39.39860696614257,
      39.20825389406526,
      38.72557794316966,
      15.339014391469949,
      33.34774207559604,
      31.033568184769113,
      30.036009844183788,
      32.041186644441225,
      58.95249317198388,
      30.506844463566633,
      42.38015440190866,
      29.218211972097897,
      57.242576440548,
      48.79143606702553,
      54.5199325221563,
      58.847385871652854
    ],
    [
      48.14963829745964,
      16.221673844980725,
      45.93087334347207,
      41.87296333367669,
      61.03609380927526,
      21.54915405871012,
      0.0,
      60.95935490564875,
      74.37943496420998,
      57.04340533793873,
      40.44745886492495,
      58.35413589597957,
      59.97020132504972,
      37.15727902145954,
      53.094044036881094,
      19.539441722784638,
      55.11028932924554,
      28.124176213538654,
      50.14154773655453,
      52.149460025582094,
      26.977267464055622,
      51.19664013186283,
      49.921251230563605,
      24.552623019426033,
      50.06057801747295,
      46.27698231003828,
      35.69885008421899,
      35.250573229300244,
      33.34178751374935,
      51.48113336765407
    ],
    [
      13.713293397451007,
      44.7379832826389,
      15.252255963599598,
      31.67762976480972,
      79.10822128750317,
      40.21522720452573,
      60.95935490564875,
      0.0,
      20.209458881142993,
      34.888057726263334,
      71.57392419484215,
      27.352422477138255,
      87.09215854766953,
      30.25178878575722,
      51.83546244048098,
      79.39812572962913,
      44.970579545074436,
      35.84970511389964,
      20.06560943702847,
      22.824843053180246,
      65.90000738195913,
      12.737174052856433,
      79.64576606320709,
      57.36171758687782,
      43.09300395692011,
      40.16769562994742,
      95.95700744062408,
      77.27895685591277,
      92.03733600815843,
      77.2450959138558
    ],
    [
      32.26494107633652,
      58.7020407755156,
      30.240464485784198,
      51.446225620445006,
      76.49403350769708,
      55.72189444016341,
      74.37943496420998,
      20.209458881142993,
      0.0,
      29.671991236751357,
      74.53472956921298,
      22.2897159573326,
      86.40044174849636,
      38.277581919392105,
      72.04472512959407,
      93.7162458870301,
      65.1197290127234,
      46.60352024270251,
      24.74955065781379,
      43.02900406139807,
      83.87121407042376,
      23.68081276280965,
      80.80713531260331,
      64.39674860615708,
      41.05844147828057,
      60.30904128997641,
      107.3785970392734,
      82.72803289878294,
      102.4042448959712,
      77.48001208339203
    ],
    [
      36.40850943191745,
      44.62836203589369,
      29.823994208323388,
      53.39491480362894,
      46.90706887309492,
      45.139908277085375,
      57.04340533793873,
      34.888057726263334,
      29.671991236751357,
      0.0,
      46.068610453911745,
      7.9565757809238145,
      56.74028261230034,
      21.943236099640302,
      76.36305540004146,
      76.26270201944983,
      71.67971457524624,
      30.561888034995828,
      16.918125862338044,
      51.2039611264101,
      75.04789025132057,
      24.81969184635524,
      51.490038103452186,
      39.7802437028068,
      11.754460125225432,
      63.7578237857608,
      85.01210250801803,
      55.541386752780305,
      78.9774543807654,
      47.97212178427849
    ],
    [
      64.22846251315423,
      42.953464688816204,
      58.22897591505537,
      69.93540776076908,
      21.342286794769173,
      49.026725693835104,
      40.44745886492495,
      71.57392419484215,
      74.53472956921298,
      46.068610453911745,
      0.0,
      52.42878573326903,
      19.953852616825483,
      41.62458504014135,
      88.23987213649228,
      51.782629871140315,
      87.69004389781779,
      39.36784021318343,
      52.40656557768685,
      75.62549315664842,
      67.3764921851155,
      58.84262697438631,
      9.96423891992335,
      18.54346682196636,
      34.35282675524104,
      78.17030878380159,
      48.24320555812399,
      11.902352616532829,
      40.80279197852104,
      11.061561328063338
    ],
    [
      30.589587156450648,
      44.46178801679949,
      24.52692513157653,
      48.7989628097943,
      54.681218407655294,
      43.78428786918998,
      58.35413589597957,
      27.352422477138255,
      22.2897159573326,
      7.9565757809238145,
      52.42878573326903,
      0.0,
      64.2392629801761,
      21.41641219075624,
      71.68721429413343,
      77.85373996324834,
      66.45002699921847,
      30.563956043881316,
      11.680502784511315,
      45.22590802153532,
      73.7909392424746,
      18.53104049685678,
      58.51836827001879,
      43.93170737021779,
      18.79342598851079,
      59.0681071617179,
      88.53388485710803,
      61.153931510313996,
      82.90781341137043,
      55.20708876628655
    ],
    [
      81.54860388846416,
      62.78748508478546,
      75.10298686847028,
      89.13538274245809,
      11.946255129699608,
      68.71571456403947,
      59.97020132504972,
      87.09215854766953,
      86.40044174849636,
      56.74028261230034,
      19.953852616825483,
      64.2392629801761,
      0.0,
      58.45655754617775,
      108.0448440647748,
      69.14286693346924,
      107.22658326054979,
      57.89583140577813,
      67.14797196477869,
      93.94734086765165,
      86.94706662808233,
      74.48367598194255,
      10.082684292716545,
      38.38399001524769,
      45.486084269416196,
      97.71516123736107,
      60.485661838302555,
      26.38123723586878,
      52.93175060081282,
      10.174714491974491
    ],
    [
      23.107248263726472,
      23.097902384845327,
      16.70009549667369,
      34.66007741923617,
      52.13006519912848,
      23.198615661784785,
      37.15727902145954,
      30.25178878575722,
      38.277581919392105,
      21.943236099640302,
      41.62458504014135,
      21.41641219075624,
      58.45655754617775,
      0.0,
      57.05376607660234,
      56.6963022790414,
      53.61782504977072,
      9.152509410021565,
      13.528136953701416,
      36.32410805898302,
      53.12710686040498,
      17.714345139971684,
      50.220234628927535,
      27.306184604726067,
      20.7486512139555,
      44.78873234379393,
      69.1056244037594,
      47.054030033862475,
      64.18147515384376,
      48.34644202111162
    ],
    [
      41.703301816764856,
      45.286703407648545,
      47.176145264548296,
      22.97254470747819,
      105.2477912576022,
      39.39860696614257,
      53.094044036881094,
      51.83546244048098,
      72.04472512959407,
      76.36305540004146,
      88.23987213649228,
      71.68721429413343,
      108.0448440647748,
      57.05376607660234,
      0.0,
      60.940251652288445,
      8.068178744098038,
      52.57044683543371,
      60.076423476098995,
      29.024662120188307,
      34.52556262396594,
      53.67813492327529,
      98.19752694967049,
      69.70032770387412,
      77.79778547095583,
      12.62739779378845,
      83.84778937012804,
      86.66816970987828,
      84.14195864547031,
      98.23110167987906
    ],
    [
      66.11818203360066,
      35.08227133756847,
      64.691916163715,
      56.229779484288635,
      73.1217118489542,
      39.20825389406526,
      19.539441722784638,
      79.39812572962913,
      93.7162458870301,
      76.26270201944983,
      51.782629871140315,
      77.85373996324834,
      69.14286693346924,
      56.6963022790414,
      60.940251652288445,
      0.0,
      65.16440765175487,
      47.655509897511166,
      69.63609883882235,
      67.6393580825142,
      27.240567677295537,
      70.32880206388606,
      59.74526753562364,
      40.3713144730159,
      68.55231075897625,
      57.738605155100096,
      23.116381755922998,
      42.76164976055734,
      25.10014952991403,
      62.51457777935632
    ],
    [
      35.97065773547278,
      45.10830794184819,
      41.992498296522484,
      18.97154252942599,
      103.56481340261439,
      38.72557794316966,
      55.11028932924554,
      44.970579545074436,
      65.1197290127234,
      71.67971457524624,
      87.69004389781779,
      66.45002699921847,
      107.22658326054979,
      53.61782504977072,
      8.068178744098038,
      65.16440765175487,
      0.0,
      50.30532075316439,
      55.02125361476569,
      22.23341525652651,
      39.87694922913298,
      48.09223343635616,
      97.57887872378444,
      69.20962561452657,
      74.1828275811658,
      9.519754885330725,
      87.67376762124476,
      87.21235850838293,
      87.323745932114,
      97.23301927647974
    ],
    [
      25.66358388170245,
      14.085886769908555,
      20.797592193563318,
      31.604873058793967,
      53.32352289275702,
      15.339014391469949,
      28.124176213538654,
      35.84970511389964,
      46.60352024270251,
      30.561888034995828,
      39.36784021318343,
      30.563956043881316,
      57.89583140577813,
      9.152509410021565,
      52.57044683543371,
      47.655509897511166,
      50.30532075316439,
      0.0,
      22.074896150542397,
      36.26080150150176,
      44.654521434905504,
      24.316874658265196,
      48.79539923713464,
      22.451649191415413,
      27.041304031701525,
      40.98350047729048,
      61.02220069060318,
      42.58445237348505,
      56.54412846478555,
      47.73957809976623
    ],
    [
      19.49402441108475,
      35.059233128314034,
      13.030959634884779,
      37.15267729797427,
      59.04409964356479,
      33.34774207559604,
      50.14154773655453,
      20.06560943702847,
      24.74955065781379,
      16.918125862338044,
      52.40656557768685,
      11.680502784511315,
      67.14797196477869,
      13.528136953701416,
      60.076423476098995,
      69.63609883882235,
      55.02125361476569,
      22.074896150542397,
      0.0,
      34.28718453924409,
      63.08418950741576,
      8.181985333935101,
      60.00358730376442,
      40.150015421889464,
      23.185577177533194,
      47.45047748535433,
      82.63228293602288,
      59.27578099006153,
      77.6816164588679,
      57.40019581689071
    ],
    [
      14.796930671393985,
      37.49082639055514,
      21.55356481037731,
      11.938617558180345,
      88.36907897913484,
      31.033568184769113,
      52.149460025582094,
      22.824843053180246,
      43.02900406139807,
      51.2039611264101,
      75.62549315664842,
      45.22590802153532,
      93.94734086765165,
      36.32410805898302,
      29.024662120188307,
      67.6393580825142,
      22.23341525652651,
      36.26080150150176,
      34.28718453924409,
      0.0,
      48.32336606400073,
      26.69519871694887,
      85.02433063020955,
      58.19110296152197,
      55.5933309153881,
      17.797570757112695,
      87.68046764539521,
      77.97110097108248,
      85.41958998461101,
      83.77264801738536
    ],
    [
      52.2715066122047,
      30.975203765697337,
      53.69566545920218,
      36.41919170848679,
      87.67457962771537,
      30.036009844183788,
      26.977267464055622,
      65.90000738195913,
      83.87121407042376,
      75.04789025132057,
      67.3764921851155,
      73.7909392424746,
      86.94706662808233,
      53.12710686040498,
      34.52556262396594,
      27.240567677295537,
      39.87694922913298,
      44.654521434905504,
      63.08418950741576,
      48.32336606400073,
      0.0,
      60.56548083747492,
      76.89788799685218,
      50.59758791834498,
      71.14350893739586,
      34.165443251731006,
      50.35253894460597,
      61.89971127853059,
      51.832268664448755,
      78.3795236190935
    ],
    [
      12.126548572939265,
      35.246963419455106,
      7.071417556754775,
      31.102026666848126,
      66.7997946418695,
      32.041186644441225,
      51.19664013186283,
      12.737174052856433,
      23.68081276280965,
      24.81969184635524,
      58.84262697438631,
      18.53104049685678,
      74.48367598194255,
      17.714345139971684,
      53.67813492327529,
      70.32880206388606,
      48.09223343635616,
      24.316874658265196,
      8.181985333935101,
      26.69519871694887,
      60.56548083747492,
      0.0,
      66.92742719448152,
      44.99545111926804,
      31.260637325497783,
      41.13867889392161,
      85.24940678345305,
      64.7564349764641,
      80.86092531924204,
      64.58448486871939
    ],
    [
      73.1489978986087,
      52.91255187371226,
      66.91862981407932,
      79.6980580441231,
      14.970236850008696,
      58.95249317198388,
      49.921251230563605,
      79.64576606320709,
      80.80713531260331,
      51.490038103452186,
      9.96423891992335,
      58.51836827001879,
      10.082684292716545,
      50.220234628927535,
      98.19752694967049,
      59.74526753562364,
      97.57887872378444,
      48.79539923713464,
      60.00358730376442,
      85.02433063020955,
      76.89788799685218,
      66.92742719448152,
      0.0,
      28.497312790271486,
      39.81438811437384,
      88.05979764928956,
      52.999654482091124,
      17.2299609835968,
      45.40006118467115,
      4.625737294037107
    ],
    [
      48.08939245698162,
      24.4171501867552,
      42.8287110058799,
      51.707888393287284,
      37.22324020033769,
      30.506844463566633,
      24.552623019426033,
      57.36171758687782,
      64.39674860615708,
      39.7802437028068,
      18.54346682196636,
      43.93170737021779,
      38.38399001524769,
      27.306184604726067,
      69.70032770387412,
      40.3713144730159,
      69.20962561452657,
      22.451649191415413,
      40.150015421889464,
      58.19110296152197,
      50.59758791834498,
      44.99545111926804,
      28.497312790271486,
      0.0,
      29.854757313606818,
      59.69243041054617,
      45.32024359392445,
      20.14715722585572,
      39.19961744996661,
      28.78492044859519
    ],
    [
      41.16834986581287,
      40.16933841543024,
      34.24414363424613,
      55.281638924317086,
      36.32772184370011,
      42.38015440190866,
      50.06057801747295,
      43.09300395692011,
      41.05844147828057,
      11.754460125225432,
      34.35282675524104,
      18.79342598851079,
      45.486084269416196,
      20.7486512139555,
      77.79778547095583,
      68.55231075897625,
      74.1828275811658,
      27.041304031701525,
      23.185577177533194,
      55.5933309153881,
      71.14350893739586,
      31.260637325497783,
      39.81438811437384,
      29.854757313606818,
      0.0,
      65.48725281657086,
      75.09946873361338,
      44.12143610496361,
      68.72047149830262,
      36.42160786220509
    ],
    [
      29.26205820918301,
      35.63911502946007,
      34.56864843544294,
      10.365125765847417,
      94.15944393039493,
      29.218211972097897,
      46.27698231003828,
      40.16769562994742,
      60.30904128997641,
      63.7578237857608,
      78.17030878380159,
      59.0681071617179,
      97.71516123736107,
      44.78873234379393,
      12.62739779378845,
      57.738605155100096,
      9.519754885330725,
      40.98350047729048,
      47.45047748535433,
      17.797570757112695,
      34.165443251731006,
      41.13867889392161,
      88.05979764928956,
      59.69243041054617,
      65.48725281657086,
      0.0,
      79.76476672006618,
      77.79416375653192,
      78.96606997969367,
      87.73141586406857
    ],
    [
      83.58825527973049,
      51.58761356576295,
      80.7337417689658,
      76.94120580102143,
      67.8808122165233,
      57.242576440548,
      35.69885008421899,
      95.95700744062408,
      107.3785970392734,
      85.01210250801803,
      48.24320555812399,
      88.53388485710803,
      60.485661838302555,
      69.1056244037594,
      83.84778937012804,
      23.116381755922998,
      87.67376762124476,
      61.02220069060318,
      82.63228293602288,
      87.68046764539521,
      50.35253894460597,
      85.24940678345305,
      52.999654482091124,
      45.32024359392445,
      75.09946873361338,
      79.76476672006618,
      0.0,
      36.5703660063698,
      7.60066956883093,
      56.96239826300772
    ],
    [
      68.23450874258202,
      42.20454592950402,
      62.92948127461041,
      70.6740933892538,
      31.6353582420486,
      48.79143606702553,
      35.250573229300244,
      77.27895685591277,
      82.72803289878294,
      55.541386752780305,
      11.902352616532829,
      61.153931510313996,
      26.38123723586878,
      47.054030033862475,
      86.66816970987828,
      42.76164976055734,
      87.21235850838293,
      42.58445237348505,
      59.27578099006153,
      77.97110097108248,
      61.89971127853059,
      64.7564349764641,
      17.2299609835968,
      20.14715722585572,
      44.12143610496361,
      77.79416375653192,
      36.5703660063698,
      0.0,
      29.055023197017633,
      20.67385072411357
    ],
    [
      80.15285714112538,
      48.44357467246634,
      76.78656629110954,
      75.19496178841264,
      60.28796690579331,
      54.5199325221563,
      33.34178751374935,
      92.03733600815843,
      102.4042448959712,
      78.9774543807654,
      40.80279197852104,
      82.90781341137043,
      52.93175060081282,
      64.18147515384376,
      84.14195864547031,
      25.10014952991403,
      87.323745932114,
      56.54412846478555,
      77.6816164588679,
      85.41958998461101,
      51.832268664448755,
      80.86092531924204,
      45.40006118467115,
      39.19961744996661,
      68.72047149830262,
      78.96606997969367,
      7.60066956883093,
      29.055023197017633,
      0.0,
      49.37699209655684
    ],
    [
      71.42129136641032,
      53.06454688016374,
      65.01666505556419,
      79.04517852365353,
      10.96504151310349,
      58.847385871652854,
      51.48113336765407,
      77.2450959138558,
      77.48001208339203,
      47.97212178427849,
      11.061561328063338,
      55.20708876628655,
      10.174714491974491,
      48.34644202111162,
      98.23110167987906,
      62.51457777935632,
      97.23301927647974,
      47.73957809976623,
      57.40019581689071,
      83.77264801738536,
      78.3795236190935,
      64.58448486871939,
      4.625737294037107,
      28.78492044859519,
      36.42160786220509,
      87.73141586406857,
      56.96239826300772,
      20.67385072411357,
      49.37699209655684,
      0.0
    ]
  ]
}