{
  "n": 8,
  "points": [
    [
      59.768158493606315,
      67.5986904372284
    ],
    [
      29.928174100970185,
      73.07402679090343
    ],
    [
      57.87393910609689,
      80.90176696206909
    ],
    [
      16.724850414891545,
      31.21449685769
    ],
    [
      35.79315539685616,
      49.17472990712061
    ],
    [
      49.01982395869548,
      89.44098875868252
    ],
    [
      18.24105253678282,
      36.11620851279358
    ],
    [
      81.05914603555655,
      33.344682960956376
    ]
  ],
  "distances": [
    [
      0.0,
      30.3381604046561,
      13.437258355549469,
      56.36076572219788,
      30.236453084053185,
      24.343637592557002,
      52.1118719417333,
      40.33166471515873
    ],
    [
      30.3381604046561,
      0.0,
      29.021359339442476,
      43.892459518566014,
      24.608421264686683,
      25.146938945818228,
      38.76169684538958,
      64.75181118805567
    ],
    [
      13.437258355549469,
      29.021359339442476,
      0.0,
      64.51412489170265,
      38.654442040991164,
      12.300961910972694,
      59.803945885113535,
      52.90775046295916
    ],
    [
      56.36076572219788,
      43.892459518566014,
      64.51412489170265,
      0.0,
      26.194851136722953,
      66.5829533386087,
      5.130852368194376,
      64.3695524750768
    ],
    [
      30.236453084053185,
      24.608421264686683,
      38.654442040991164,
      26.194851136722953,
      0.0,
      42.382972561463134,
      21.876958102457742,
      47.95414783749864
    ],
    [
      24.343637592557002,
      25.146938945818228,
      12.300961910972694,
      66.5829533386087,
      42.382972561463134,
      0.0,
      61.570000475188365,
      64.60118948825045
    ],
    [
      52.1118719417333,
      38.76169684538958,
      59.803945885113535,
      5.130852368194376,
      21.876958102457742,
      61.570000475188365,
      0.0,
      62.87920343567629
    ],
    [
      40.33166471515873,
      64.75181118805567,
      52.90775046295916,
      64.3695524750768,
      47.95414783749864,
      64.60118948825045,
      62.87920343567629,
      0.0
    ]
  ]
}